0.0000000 0.4624491
0.4382199 0.3519210
0.5527560 0.2012390

0.1834925 0.3242857
0.2914377 0.2762406
0.3756488 0.2415424
0.4622663 0.2021603
0.5345702 0.1621667
0.6215744 0.1395555
0.7174087 0.0909936

0.2273461 0.4338646
0.3315855 0.2659882
0.3895973 0.1990560
0.5203431 0.0562468

0.7691297 0.2487781
0.6248497 0.2952703
0.4940669 0.3614870
0.3478698 0.4270456
0.2019791 0.4854371

0.7678767 0.4330209
0.5879771 0.4612372
0.4268758 0.5141916
0.2826771 0.5846225

0.8076445 0.2767516
0.6781450 0.3645640
0.5498706 0.4237074
0.4189860 0.4923134
0.3289207 0.5865978

0.2097509 0.4067849
0.3265044 0.3591161
0.4509653 0.3117766
0.5740192 0.2715576
0.6934422 0.2646922
0.8119466 0.2793288

1.0000000 0.6798908
0.9142579 0.7504246
0.8112056 0.8130386
0.6873577 0.8460429
0.5507057 0.8689265
0.4190487 0.9039910
0.2937134 0.9201781

0.8399396 0.3212136
0.7211877 0.3640094
0.5863286 0.3965434
0.4504491 0.4529686
0.2337426 0.5681715

0.1717783 0.5727050
0.2740729 0.5794680
0.3913364 0.5198538
0.4994856 0.4670307
0.5764409 0.3697929
0.6166754 0.2542323

0.0893345 0.2819685
0.1771548 0.2402440
0.2504575 0.2026863
0.3162571 0.1600213
0.4043839 0.1111297
0.5015232 0.0578363
0.6043721 0.0000000

0.7020681 0.2435196
0.5878008 0.3104417
0.4723522 0.3533790
0.3476872 0.4054966
0.2330338 0.4556486
