0.0946767 0.0336733
0.1191407 0.0933783
0.1436045 0.1530834
0.1680682 0.2127885
0.1925317 0.2724936
0.2169950 0.3321987
0.2439767 0.3333595
0.2414581 0.3919039
0.2659210 0.4516092
0.2903837 0.5113145
0.2878649 0.5698589
0.2853461 0.6284034
0.2828273 0.6869478
0.2803085 0.7454923
0.2777897 0.8040367
0.2777897 0.8040367
0.2213092 0.8602597
0.1918098 0.9176434

0.1048183 0.0241385
0.1179282 0.0587210
0.1250479 0.0754500
0.1422086 0.1289757
0.1541887 0.1646827
0.1648951 0.1985753
0.1823254 0.2521126
0.1960753 0.2843766
0.2073212 0.3182924
0.2150090 0.3532283
0.2252008 0.3865123
0.2362523 0.4186603
0.2503328 0.4620826
0.2538114 0.4880395
0.2581174 0.5198973
0.2657978 0.5612847
0.2706793 0.6048978
0.2766255 0.6614603
0.2837482 0.6969584
0.2825319 0.7315113
0.2755992 0.7669912
0.2643782 0.8204691
0.2579852 0.8559722
0.2398214 0.8886229
0.2109986 0.9114306

0.0725227 0.0585277
0.0822256 0.0906175
0.0938353 0.1286546
0.1083374 0.1685757
0.1173494 0.2041550
0.1316139 0.2370276
0.1452380 0.2722188
0.1528756 0.3083255
0.1602183 0.3450061
0.1695503 0.3794261
0.1780980 0.4132259
0.1862751 0.4493559
0.1974202 0.4856135
0.2093494 0.5224915
0.2191201 0.5592765
0.2226347 0.5969655
0.2281135 0.6329794
0.2348909 0.6702223
0.2455716 0.7047004
0.2456793 0.7398967
0.2437975 0.7773536
0.2350266 0.8115814
0.2283387 0.8476585
0.2242805 0.8791564
0.2248919 0.9026438
0.2222225 0.9207114
0.2216287 0.9470796
0.2179015 0.9897358

0.0617942 0.0000000
0.0507533 0.0241593
0.0399893 0.0418787
0.0336974 0.0750402
0.0331509 0.1254581
0.0229737 0.1672504
0.0061408 0.1940933
0.0000000 0.2237421
0.0118577 0.2371556
0.0166389 0.2391209
0.0354759 0.2411040
0.0699156 0.2637003
0.1168568 0.3161607
0.1291030 0.3331102
0.1459647 0.3684406
0.1560810 0.4034809
0.1624451 0.4377733
0.1705718 0.4750742
0.1776769 0.5047062
0.1841667 0.5360714
0.1905810 0.5691929
0.2018770 0.6019378
0.2055752 0.6290772
0.1993082 0.6616532
0.1927462 0.6948030
0.1916633 0.7199771
0.1913214 0.7404909
0.1924797 0.7575501
0.1924615 0.7956736
0.1953502 0.8227782
0.2057179 0.8519641
0.2141896 0.8875202
0.2049296 0.9205539
