0.0096672 0.4751086
0.0308263 0.4623575
0.0395315 0.4596270
0.0447279 0.4586086
0.0470938 0.4568475
0.0492272 0.4538344
0.0532349 0.4471762
0.0560197 0.4423283
0.0563321 0.4417207
0.0563588 0.4411009
0.0566712 0.4404934
0.0569836 0.4398859
0.0599742 0.4369097
0.0656163 0.4321847
0.0722681 0.4306079
0.0847145 0.4274174
0.0848744 0.4236985
0.0983763 0.4292469
0.1194746 0.4245658
0.1403063 0.4260827
0.1691727 0.4204938
0.1989838 0.4062521
0.2236785 0.3911694
0.2507391 0.3743256
0.2686221 0.3645386
0.2893890 0.3542546
0.3020222 0.3467256
0.3232006 0.3401852
0.3465126 0.3306318
0.3849837 0.3080695
0.4146694 0.2900970
0.4365262 0.2811020
0.4525425 0.2681300
0.4790054 0.2518818
0.4974867 0.2414997
0.5199227 0.2256992
0.5508240 0.2127469
0.5732790 0.2031569
0.5911546 0.2002004
0.6073502 0.1897201
0.6207341 0.1847074
0.6331008 0.1833768
0.6563597 0.1750634
0.6803769 0.1624360
0.7069468 0.1437088
0.7326596 0.1249447
0.7511412 0.1145629
0.7676227 0.1040951
0.7815592 0.0928967
0.7988179 0.0843252
0.8124877 0.0793250
0.8384519 0.0680235
0.8762081 0.0354959
0.9076705 0.0095281
0.9315546 0.0000000

0.0096322 0.4359865
0.0667784 0.4384443
0.1524977 0.4421312
0.2096439 0.4445894
0.2382170 0.4458185
0.2667901 0.4470478
0.3266029 0.3875248
0.3551761 0.3887541
0.4149894 0.3292314
0.4435627 0.3304609
0.5033765 0.2709384
0.5319498 0.2721680
0.5605232 0.2733977
0.6176699 0.2758571
0.6489110 0.2151054
0.6774845 0.2163353
0.7346314 0.2187951
0.7658729 0.1580436
0.7971147 0.0972921
0.8256883 0.0985222
0.8855041 0.0390009
0.9426515 0.0414614

1.0000000 0.0724950
0.9791899 0.0970585
0.9652721 0.1144671
0.9485504 0.1305132
0.9309714 0.1465223
0.9141351 0.1718779
0.8682151 0.1879088
0.8390546 0.2003146
0.8253426 0.2195952
0.8077828 0.2418149
0.7814375 0.2686241
0.7608448 0.3081003
0.7384922 0.3419120
0.7204867 0.3678384
0.6965687 0.3848168
0.6692409 0.4078581
0.5553787 0.4128930
0.5055927 0.4256536
0.4393488 0.4283917
0.4157168 0.4453827
0.3901382 0.4610481
0.3567915 0.4776213
0.3351560 0.4748275
0.3126099 0.4732365
0.2820710 0.4644711
0.2635519 0.4624325
0.2463280 0.4635544
0.2127451 0.4590049
0.1834939 0.4602305
0.0788891 0.4097799
