0.0223938 0.4832269
0.0763064 0.4573886
0.1236171 0.4342836
0.1568847 0.4145987
0.1940230 0.3910590
0.2397658 0.3829633
0.2955190 0.3682601
0.3392073 0.3540463
0.3860801 0.3520296
0.4286722 0.3417894
0.5031879 0.3108022
0.5630266 0.2872283
0.6136176 0.2632592
0.6577257 0.2500689
0.7118014 0.2312743
0.7334290 0.2563211
0.7945026 0.2147090
0.8463952 0.1928060
0.9200395 0.1497215
0.9580415 0.1493366
1.0000000 0.1430904

0.0000000 0.5194579
0.0839248 0.4959074
0.1456030 0.4834673
0.1891195 0.4732662
0.2318399 0.4600160
0.2636347 0.4422784
0.2663326 0.4333480
0.2913015 0.4344153
0.3564498 0.3949867
0.4073312 0.3750500
0.4499661 0.3638065
0.4941598 0.3486094
0.5466860 0.3227127
0.5963950 0.2977008
0.6479965 0.2717647
0.6769316 0.2559155
0.7079975 0.2552337
0.7598900 0.2333306
0.8259881 0.2150503
0.8728803 0.1909234
0.9273757 0.1731522
0.9833872 0.1524308

0.9208837 0.0000000
0.8532692 0.0212305
0.7934298 0.0448038
0.7349776 0.0684365
0.6708147 0.0847896
0.6120719 0.1043898
0.5557081 0.1441935
0.4929996 0.1807108
0.4327842 0.2022585
0.3692463 0.2256745
0.3074295 0.2521795
0.2462374 0.2857468
0.1850883 0.3183111
0.1247783 0.3529214
0.0619086 0.3823971
0.0127055 0.4064265
