0.0783514 0.3780972
0.1210091 0.3460792
0.1622645 0.3468483
0.2173192 0.3253144
0.2515550 0.3078668
0.3217871 0.3068896
0.3485454 0.2712056
0.5182841 0.2605506
0.5939130 0.2299438
0.6677006 0.2102076
0.7276754 0.1809221
0.8232735 0.1661009
0.9118950 0.1320695
0.9639350 0.0845283
1.0000000 0.0243590
0.9361552 0.0047052

0.0618992 0.3873472
0.1224913 0.3650545
0.1715929 0.3432659
0.2288618 0.3128683
0.2971210 0.2829410
0.3693741 0.2561708
0.4393898 0.2173606
0.4972351 0.1949511
0.5487969 0.1692868
0.5961101 0.1464269
0.6214004 0.1236202
0.6547499 0.0732880
0.6815841 0.0465659
0.7289498 0.0117640

0.9642915 0.0118816
0.8959851 0.0000000
0.8247513 0.0029238
0.7762996 0.0416605
0.7213617 0.0711614
0.6656611 0.0219957
0.6195612 0.0379399
0.5550032 0.0242287
0.4820460 0.0459915
0.4241580 0.0693946
0.3662660 0.0499967
0.3082136 0.0236246
0.2526058 0.0580746
0.2015444 0.0827654
0.1423914 0.1250268
0.0968158 0.1609015
0.0549038 0.1969330
0.0000000 0.2363903
