0.9125993 0.0000000
0.6532350 0.0749149
0.1651532 0.1833144

0.0312145 0.2366629
0.4841090 0.1231555
0.9421112 0.0022701

0.0215664 0.2485812
0.4347333 0.1469921
0.7832009 0.0720772
0.8830874 0.0408627

0.9023837 0.0601589
0.7979569 0.0839955
0.7775255 0.0839955
0.5334847 0.1469921
0.3694665 0.1975028
0.1356413 0.2559591

1.0000000 0.0720772
0.5272418 0.2048808
0.2185017 0.2746879

0.1975028 0.1906924
0.3967083 0.1401816
0.8149830 0.0385925

0.0000000 0.3064699
0.7321226 0.1106697
0.8615210 0.0720772
