0.1436912 0.9673607
0.2659208 0.9365319
0.2978675 0.8945032
0.3206297 0.8514146
0.3213595 0.8127256
0.3275888 0.7749390
0.3288189 0.7389417
0.3178277 0.6937435
0.3023720 0.6450168
0.2885252 0.6090429
0.2786139 0.5745724
0.2683669 0.5407552
0.2584900 0.4982751
0.2490220 0.4678290
0.2435749 0.4368872
0.2347495 0.4058011
0.2251390 0.3786869
0.2134986 0.3414722
0.2000379 0.3108557
0.1884483 0.2796515
0.1702385 0.2521702
0.1493605 0.2439349
0.1295011 0.2190535
0.1193556 0.1972573
0.0792371 0.1928736
0.0658721 0.1816214
0.0713955 0.1531509
0.0996456 0.1256510
0.1208202 0.1125359

0.2071032 0.9593878
0.2361780 0.9125633
0.2523588 0.8938944
0.2888268 0.8540616
0.3041494 0.8266773
0.3096221 0.7921964
0.3025603 0.7558448
0.2899989 0.7185907
0.2734736 0.6804997
0.2572553 0.6424219
0.2489424 0.5993410
0.2449006 0.5571101
0.2311390 0.5191372
0.2066224 0.4880484
0.1837551 0.4543598
0.1630601 0.4274398
0.1455500 0.3979856
0.1341312 0.3627832
0.1243332 0.3256472
0.1110147 0.2916989
0.0888585 0.2413510
0.0753181 0.2053904
0.0624203 0.1687898
0.0498865 0.1308694
0.0360673 0.0942294
0.0173056 0.0580460
0.0000000 0.0165840

0.1916041 0.9981136
0.2201364 1.0000000
0.2528439 0.9833722
0.2830092 0.9686386
0.3044738 0.9415168
0.3156961 0.9092843
0.3220332 0.8761755
0.3179002 0.8432870
0.3088819 0.8095222
0.3010636 0.7764762
0.2883539 0.7498972
0.2722375 0.7238403
0.2559788 0.7011153
0.2427971 0.6711782
0.2281367 0.6398429
0.2165759 0.6079723
0.2061296 0.5788197
0.1953477 0.5503203
0.1839800 0.5211284
0.1715261 0.4885521
0.1544596 0.4631224
0.1359428 0.4356279
0.1139516 0.3886249
0.1069284 0.3729704
0.0912608 0.3435949
0.0750074 0.3135268
0.0583900 0.2847783
0.0465784 0.2515620
0.0366380 0.2177580
0.0311904 0.1868162
0.0343931 0.1622521
0.0479122 0.1554860
0.0689670 0.1523796
0.0993836 0.1389916
0.1348848 0.1218153
0.1698407 0.0885935

0.1686086 0.9170206
0.1931037 0.9053826
0.2135495 0.8949069
0.2319025 0.8830067
0.2564831 0.8693697
0.2835775 0.8545049
0.3122644 0.8383731
0.3350654 0.8159815
0.3386326 0.7900978
0.3308367 0.7637287
0.3220401 0.7319762
0.3097799 0.7020784
0.2915137 0.6759297
0.2798391 0.6467245
0.2732431 0.6210743
0.2743067 0.6177818
0.2755636 0.6171679
0.2730903 0.6030429
0.2661302 0.5787123
0.2569124 0.5496121
0.2503792 0.5152859
0.2413321 0.4821876
0.2324498 0.4524342
0.2257742 0.4214399
0.2211121 0.3865260
0.2136859 0.3514941
0.2063675 0.3211399
0.1969847 0.2886948
0.1878235 0.2582620
0.1772406 0.2250980
0.1688644 0.1906932
0.1581676 0.1601947
0.1468849 0.1290037
0.1433372 0.0968078
0.1542180 0.0725717
