0.9215549 0.3800446
0.1216711 0.0000000

0.1216711 0.0000000
0.9826117 0.3786934

0.0610584 0.0013446
0.9785503 0.4168052

0.0000000 0.0026993
0.6132043 0.1879883
0.9794560 0.4577317

0.9647921 0.3995611
0.1352524 0.0494197

0.1216711 0.0000000
0.9961759 0.3871676

1.0000000 0.3987820
0.6756291 0.2684989
0.0610584 0.0013446

0.0271301 0.0196459
0.9215549 0.3800446

0.0000000 0.0026993
0.9826117 0.3786934

0.0000000 0.0026993
0.9215549 0.3800446

0.1216711 0.0000000
0.9826117 0.3786934

0.0610584 0.0013446
0.9885277 0.3639387

0.9647921 0.3995611
0.1352524 0.0494197
