0.1176406 0.9188221
0.2836017 0.4315748
0.4517035 0.0404302

0.0000000 0.9214320
0.4517035 0.0404302

0.0820545 0.9083000
0.4933319 0.0706144

0.1307721 0.9666048
0.5331996 0.0018622

0.0000000 0.9214320
0.4517035 0.0404302

0.0590358 0.9201222
0.4517035 0.0404302

0.0000000 0.9214320
0.4517035 0.0404302

0.0000000 0.9214320
0.2836017 0.4315748
0.5693509 0.0378238

0.0276111 1.0000000
0.5098477 0.1154945

0.0885263 0.9279516
0.4648420 0.1080080

0.0467112 0.8892890
0.4588089 0.1081417

0.0590358 0.9201222
0.2897447 0.3975041
0.4517035 0.0404302

0.0000000 0.9214320
0.4517035 0.0404302

0.4517035 0.0404302
0.0590358 0.9201222

0.0590358 0.9201222
0.4517035 0.0404302

0.0000000 0.9214320
0.4517035 0.0404302

0.0000000 0.9214320
0.4517035 0.0404302

0.4517035 0.0404302
0.1176406 0.9188221

0.0590358 0.9201222
0.4517035 0.0404302

0.0590358 0.9201222
0.2245641 0.4328838
0.4896117 0.0000000

0.4517035 0.0404302
0.2132420 0.6028075
0.0000000 0.9214320

0.1176406 0.9188221
0.2836017 0.4315748
0.4517035 0.0404302

0.0714857 0.9566084
0.4575563 0.0516120

0.0000000 0.9214320
0.2814712 0.3354743
0.4517035 0.0404302

0.1307721 0.9666048
0.5331996 0.0018622

0.0590358 0.9201222
0.4517035 0.0404302

0.0000000 0.9214320
0.4517035 0.0404302

0.0590358 0.9201222
0.4517035 0.0404302
