0.7405285 0.0274546
0.1089381 0.9334111

0.0000000 0.9358151
0.6888690 0.1381405

0.0000000 0.9358151
0.6829673 0.1591368

0.8494701 0.0250535
0.0000000 0.9358151

0.7405285 0.0274546
0.0000000 0.9358151

0.0000000 0.9358151
0.7200927 0.0748539

0.8494701 0.0250535
0.1089381 0.9334111

0.8494701 0.0250535
0.0000000 0.9358151

0.8928702 0.0449632
0.1645051 1.0000000

0.1399294 0.8596957
0.6886391 0.1277125

0.0000000 0.9358151
0.7841493 0.0212766

0.1576532 0.8697378
0.8027743 0.0000000

0.0000000 0.9358151
0.7472534 0.1159874

0.0000000 0.9358151
0.6827374 0.1487088

0.1089381 0.9334111
0.6895586 0.1694245

0.0000000 0.9358151
0.7706310 0.0215746

0.0000000 0.9358151
0.6323821 0.0298386

0.1717564 0.9320250
0.7018220 0.1482881

0.0266700 0.8465454
0.6929318 0.0337203

0.8494701 0.0250535
0.1089381 0.9334111

0.8614163 0.0978217
0.2070890 0.9468951

0.0000000 0.9358151
0.7405285 0.0274546

0.8494701 0.0250535
0.2170811 0.9310250

0.1089381 0.9334111
0.7259945 0.0538576

0.0000000 0.9358151
0.6323821 0.0298386

0.1089381 0.9334111
0.6881794 0.1068565

0.0000000 0.9358151
0.7405285 0.0274546

0.8494701 0.0250535
0.1089381 0.9334111

0.0000000 0.9358151
0.7405285 0.0274546

0.8494701 0.0250535
0.1089381 0.9334111

0.8494701 0.0250535
0.1089381 0.9334111

0.7405285 0.0274546
0.1089381 0.9334111

0.8494701 0.0250535
0.1089381 0.9334111

0.0000000 0.9358151
0.6323821 0.0298386

0.0000000 0.9358151
0.7405285 0.0274546
