0.1310782 0.3877003
0.1741743 0.3786004
0.2169448 0.3770701
0.2625001 0.3739745
0.3082877 0.3835282
0.3570879 0.3772019
0.4054176 0.3818094
0.4573073 0.3848851
0.5154949 0.3949727
0.5673442 0.3719258
0.6126059 0.3485955
0.6472709 0.3189109
0.6847827 0.2952472
0.7295847 0.2735825
0.7779978 0.2672404
0.9034627 0.1664724
0.9411852 0.1739948

0.9987721 0.2160770
0.9513150 0.2182468
0.9041837 0.2128472
0.8553938 0.2099041
0.8068828 0.2095009
0.7607946 0.2159431
0.7151303 0.2215610
0.6645369 0.2244389
0.6120422 0.2263925
0.5640529 0.2319106
0.5184610 0.2358467
0.4753389 0.2365188
0.4288017 0.2353587
0.3790664 0.2273202
0.3321161 0.2177164
0.2867519 0.2073383
0.2387732 0.2035888
0.1905306 0.2149949
0.1455480 0.2408658
0.1049262 0.2736653

0.0000000 0.2219653
0.0255555 0.1784063
0.0462183 0.1312663
0.0683949 0.0850341
0.0892282 0.0429571
0.1229113 0.0090165
0.1679456 0.0000000
0.2140234 0.0028250
0.2618939 0.0090977
0.3127560 0.0180270
0.3659793 0.0262155
0.4146611 0.0316808
0.4616117 0.0412847
0.5101125 0.0509554
0.5584428 0.0555633
0.6079357 0.0602212
0.6534448 0.0672356
0.6997289 0.0742835
0.7487980 0.0797661
0.7952631 0.0826089
0.8424309 0.0871672
0.8881572 0.0891358
0.9359296 0.0886646

0.9904280 0.2115046
0.9307878 0.2080942
0.8749503 0.2065329
0.8215357 0.2118170
0.7629494 0.2109802
0.7071374 0.2178465
0.6517491 0.2238885
0.5970997 0.2308051
0.5450905 0.2395206
0.4914695 0.2405834
0.4321083 0.2397140
0.3552986 0.2473627
0.2897841 0.2361176
0.2338381 0.2370809
0.1867838 0.2569643
0.1478929 0.2856251

1.0000000 0.2506769
0.9616475 0.2397569
0.9231863 0.2313601
0.8802560 0.2185579
0.8412624 0.2135088
0.8015300 0.2075853
0.7611929 0.2066915
0.7219459 0.2075299
0.6829053 0.2125904
0.6423148 0.2175841
0.6010941 0.2191804
0.5613510 0.2225256
0.5234368 0.2284774
0.4835234 0.2267596
0.4431501 0.2267074
0.4008393 0.2265719
0.3569422 0.2272108
0.3138564 0.2270420
0.2704554 0.2251746
0.2299117 0.2200597
0.1916207 0.2167271
0.1550140 0.2193652
0.1171980 0.2320627

0.9637444 0.2541716
0.9219405 0.2422605
0.8817121 0.2388433
0.8361309 0.2335106
0.7900535 0.2306844
0.7500315 0.2314894
0.7080358 0.2330522
0.6672750 0.2329829
0.6237292 0.2344791
0.5868328 0.2438450
0.5401870 0.2452079
0.4894958 0.2413411
0.4508067 0.2472596
0.4056747 0.2495305
0.3635087 0.2460308
0.3245407 0.2494097
0.2910959 0.2597672
0.2490279 0.2630128
0.2039684 0.2636019
0.1615747 0.2744172
0.1253089 0.2871813
