0.0511807 0.0838794
0.4805854 0.9161205

0.0561151 0.0171288
0.4805854 0.9161205

0.4824254 1.0000000
0.3710000 0.7432804
0.2128417 0.4160089
0.0511807 0.0838794

0.0511807 0.0838794
0.4805854 0.9161205

0.4824254 1.0000000
0.0511807 0.0838794

0.0511807 0.0838794
0.4805854 0.9161205

0.4805854 0.9161205
0.0511807 0.0838794

0.0724117 0.0562625
0.5452065 0.9443219

0.5228988 0.9571523
0.0572079 0.1183023

0.4824254 1.0000000
0.0511807 0.0838794

0.4805854 0.9161205
0.0511807 0.0838794

0.0511807 0.0838794
0.4824254 1.0000000

0.5339789 0.9988692
0.0511807 0.0838794

0.5339789 0.9988692
0.2677578 0.5851113
0.0511807 0.0838794

0.4824254 1.0000000
0.0511807 0.0838794

0.5321392 0.9149897
0.0511807 0.0838794

0.5321392 0.9149897
0.0511807 0.0838794

0.0588548 0.0047274
0.2110001 0.3321294
0.4805854 0.9161205

0.5321392 0.9149897
0.2677578 0.5851113
0.0000000 0.0850038

0.0856463 0.1102730
0.5321392 0.9149897

0.4824254 1.0000000
0.0511807 0.0838794

0.4824254 1.0000000
0.0000000 0.0850038

0.4684430 0.9632833
0.0069242 0.0231458

0.4769923 0.9754369
0.0459090 0.0667176

0.0493381 0.0000000
0.4805854 0.9161205

0.4805854 0.9161205
0.0511807 0.0838794

0.4824254 1.0000000
0.0511807 0.0838794

0.0574157 0.0763378
0.4805854 0.9161205

0.0455297 0.0494483
0.5238187 0.9990920

0.0511807 0.0838794
0.4824254 1.0000000

0.5339789 0.9988692
0.0511807 0.0838794

0.4805854 0.9161205
0.2147374 0.5023554
0.0511807 0.0838794

0.4805854 0.9161205
0.0000000 0.0850038

0.4824254 1.0000000
0.0511807 0.0838794

0.0651470 0.0169304
0.1987981 0.3422702
0.3503410 0.6425363
0.4980553 0.9058644

0.4824254 1.0000000
0.0000000 0.0850038

0.4824254 1.0000000
0.0000000 0.0850038
