0.4925856 0.1829142
0.1005381 0.9215284

0.0829599 0.7639175
0.3014638 0.1489534

0.0035519 0.8582715
0.2535064 0.1608977

0.3465675 0.0444538
0.0445059 0.8682723

0.3222398 0.1866362
0.0766695 0.7803994

0.3051365 0.0126705
0.0366679 0.8139625

0.4144682 0.0320739
0.1375638 0.7518277

0.3755302 0.0002360
0.1178617 0.8012913

0.0574413 0.8135084
0.2683467 0.1932621

0.0627793 0.7534625
0.3135692 0.0942078

0.4925856 0.1829142
0.1005381 0.9215284

0.3755302 0.0002360
0.0728792 0.9112369

0.0440297 0.8464902
0.2525543 0.1173337

0.0371441 0.8357446
0.3002738 0.0944984

0.3863327 0.0000000
0.0307347 0.8467809

0.2657348 0.1878710
0.0000000 1.0000000

0.3755302 0.0002360
0.1585777 0.8004013
