0.9324951 0.2283092
0.1614848 0.0747929

0.8914063 0.1904218
0.0000000 0.0784040

0.8914063 0.1904218
0.1614848 0.0747929

0.9724440 0.1886129
0.0810382 0.0765917

0.8914063 0.1904218
0.0000000 0.0784040

0.9052128 0.0931020
0.0801709 0.0378064

0.8914063 0.1904218
0.1614848 0.0747929

0.8751756 0.1791427
0.0648226 0.0924762

0.9724440 0.1886129
0.0810382 0.0765917

0.0891148 0.0143236
0.9052128 0.0931020

0.8914063 0.1904218
0.0000000 0.0784040

0.0355309 0.0000000
0.8716694 0.1016117

1.0000000 0.2035197
0.1202675 0.1106387

0.8914063 0.1904218
0.0810382 0.0765917

0.8770942 0.1325343
0.1058976 0.1031990

0.9695008 0.0567429
0.0453422 0.0153024

0.8914063 0.1904218
0.1614848 0.0747929

0.9724440 0.1886129
0.0000000 0.0784040

0.8914063 0.1904218
0.1614848 0.0747929

0.9724440 0.1886129
0.0810382 0.0765917

0.9724440 0.1886129
0.0810382 0.0765917

0.9724440 0.1886129
0.0810382 0.0765917

0.0973561 0.0917487
0.9558816 0.1889826

0.8914063 0.1904218
0.1614848 0.0747929

0.9798740 0.1768057
0.0801709 0.0378064

0.9695008 0.0567429
0.1614848 0.0747929

0.8914063 0.1904218
0.0000000 0.0784040

0.9212128 0.1470713
0.0000000 0.0784040
