0.0782577 0.9493878
0.1023365 0.0023716

0.1279000 0.8664201
0.1023365 0.0023716

0.0577110 0.8679897
0.1023365 0.0023716

0.1246340 0.9995117
0.2329842 0.1222367

0.1062242 0.1762319
0.1218897 0.8767867

0.0150464 0.8791761
0.1023365 0.0023716

0.0662372 0.9701210
0.1023365 0.0023716

0.0724762 0.9699815
0.1062242 0.1762319

0.0150464 0.8791761
0.1023365 0.0023716

0.1042224 0.9590393
0.2122903 0.1738603

0.1042224 0.9590393
0.1023365 0.0023716

0.1478543 0.8864383
0.2122903 0.1738603

0.0150464 0.8791761
0.1023365 0.0023716

0.0537592 0.9704000
0.1023365 0.0023716

0.0150464 0.8791761
0.1023365 0.0023716

0.0150464 0.8791761
0.2084032 0.0000000

0.0150464 0.8791761
0.1576036 0.2057796

0.1065735 0.7850395
0.1062242 0.1762319

0.0711039 0.9086190
0.1062242 0.1762319

0.1062242 0.1762319
0.0150464 0.8791761

0.0590833 0.9293522
0.1023365 0.0023716

0.0784865 0.9596149
0.1062242 0.1762319

0.1167942 0.9280616
0.1062242 0.1762319

0.1167942 0.9280616
0.1163629 0.1760052

0.1062242 0.1762319
0.1782286 0.8141338

0.0850479 0.9390037
0.1062242 0.1762319

0.1062242 0.1762319
0.1218897 0.8767867

0.0000000 0.8692804
0.1023365 0.0023716

0.0845905 0.9185496
0.1062242 0.1762319

0.0773429 0.9084795
0.1062242 0.1762319

0.0713326 0.9188461
0.1062242 0.1762319

0.1062242 0.1762319
0.0688168 0.8063482

0.2084032 0.0000000
0.1796006 0.8754963

0.0586259 0.9088981
0.1062242 0.1762319

0.0836757 0.8776413
0.1062242 0.1762319

0.0150464 0.8791761
0.1062242 0.1762319

0.2758990 0.1570899
0.1413456 0.8047263

0.1761863 0.1644354
0.1262992 0.7948306

0.0150464 0.8791761
0.1062242 0.1762319

0.1042224 0.9590393
0.2122903 0.1738603

0.0150464 0.8791761
0.1023365 0.0023716

0.1218897 0.8767867
0.2122903 0.1738603

0.0150464 0.8791761
0.1023365 0.0023716

0.2122903 0.1738603
0.1492265 0.9478008

0.0537592 0.9704000
0.1023365 0.0023716

0.0915156 0.9490913
0.1062242 0.1762319

0.0850479 0.9390037
0.2006654 0.1076110

0.2308121 0.0250795
0.1651993 0.8246573

0.1062242 0.1762319
0.0150464 0.8791761

0.1062242 0.1762319
0.1218897 0.8767867

0.1042224 0.9590393
0.1908901 0.1589905

0.1218897 0.8767867
0.1023365 0.0023716

0.0597695 0.9600335
0.1062242 0.1762319

0.1027975 1.0000000
0.2349277 0.2091669

0.0150464 0.8791761
0.1062242 0.1762319

0.2532412 0.0859712
0.1323711 0.8919006

0.0150464 0.8791761
0.1062242 0.1762319

0.1417502 0.9275036
0.1062242 0.1762319

0.0662372 0.9701210
0.1062242 0.1762319

0.0150464 0.8791761
0.1023365 0.0023716

0.1347724 0.9992850
0.1908901 0.1589905

0.0630351 0.8269419
0.1062242 0.1762319
