0.2099461 0.0500920
0.2632848 0.0523757
0.2889931 0.0669203
0.3088044 0.0744905
0.3241213 0.0785073
0.3228795 0.0532469
0.3505100 0.0409861
0.3869858 0.0391869
0.4135389 0.0520873
0.4401091 0.0465031
0.4575636 0.0186822
0.4832001 0.0349043
0.5070202 0.0392853
0.5313979 0.0487316
0.5618879 0.0601202
0.5984355 0.0566438
0.6331670 0.0413262
0.6609240 0.0441953
0.6761690 0.0498897
0.6800342 0.0500552
0.6853017 0.0536417
0.7096246 0.0462809
0.7287894 0.0689480
0.7355858 0.0910854
0.7403879 0.1417057
0.7649466 0.1830891
0.7840567 0.1889490
0.7843097 0.2192086
0.7728408 0.2338418
0.7508370 0.2413019
0.7462707 0.2394259
0.7415607 0.2409046
0.7292095 0.2218903
0.7291549 0.2050831
0.7350517 0.2120576
0.7368679 0.2238988
0.7445810 0.2427145
0.7545959 0.2801141
0.7584985 0.3155715
0.7707059 0.3379406
0.7530732 0.4060854
0.7124827 0.4497203
0.6697715 0.5067082
0.6174250 0.5716860
0.5836857 0.6542655
0.5780249 0.6960353
0.6237282 0.8223485
0.6217029 0.9600617

0.5943055 0.9488055
0.5835315 0.8206271
0.5643637 0.7256990
0.5341580 0.6353397
0.4846063 0.4903765
0.4404106 0.3288377
0.4016464 0.2213072
0.3667472 0.1139422
0.3352272 0.0000000

0.2229647 0.1077859
0.2562086 0.1814702
0.2857857 0.2684414
0.3288972 0.3106190
0.3723507 0.3628942
0.4200831 0.4237551
0.4643094 0.4760634
0.4955927 0.5412615
0.5411118 0.5633766
0.5527651 0.6529414
0.5900886 0.7217592
0.6268374 0.8039963
0.6524765 0.8924796

0.5340310 1.0000000
0.4696865 0.8930545
0.4515583 0.7376734
0.4867680 0.5845763
0.4267017 0.4862165
0.3534768 0.4057787
0.3012461 0.2691034
0.3128717 0.1603695

0.5434133 0.9617506
0.5205069 0.8817868
0.4838128 0.8163570
0.4260694 0.7903575
0.3541414 0.7519874
0.3007657 0.7144117
0.2531053 0.6518735
0.2182061 0.5445086
0.1839361 0.4405317
0.1218582 0.3891398
0.0642367 0.3060095
0.0000000 0.2326790
