0.9094447 0.3179981
0.8048721 0.2980431
0.7011884 0.3016810
0.6091451 0.3052287
0.5075852 0.3097947
0.3999956 0.3101601
0.2896062 0.3133796
0.1943626 0.3136496
0.1064934 0.3096145

0.0578137 0.1740610
0.1817696 0.1915025
0.2958009 0.2028859
0.4006644 0.2148131
0.4966873 0.2239775
0.5891459 0.2284500
0.6957546 0.2380047
0.7836092 0.2401537
0.8759461 0.2743633
0.9872134 0.2933226

0.0184917 0.2885890
0.1232046 0.3264758
0.2362102 0.3421149
0.3571560 0.3355091
0.4731121 0.3223347
0.5819951 0.3068558
0.6916350 0.2979793
0.7956642 0.2933947
0.8997630 0.2977777

0.0848557 0.3848294
0.1811316 0.3812472
0.2954413 0.3831886
0.3811424 0.3806333
0.5031977 0.3806272
0.5972801 0.3671515
0.6869939 0.3362465
0.7850703 0.3373721
0.8895035 0.3393925
0.9776445 0.3330440

0.8989145 0.2793768
0.7741250 0.2907302
0.6639524 0.2764831
0.5383218 0.2250695
0.4300192 0.1791854
0.3182145 0.1366328
0.2046017 0.0884309
0.1041766 0.1029012

0.9330689 0.2257767
0.8343643 0.1892564
0.7346379 0.1574642
0.6380273 0.1180963
0.5424783 0.0791925
0.4448052 0.0393615
0.3474883 0.0000000
0.4142891 0.1977154
0.3193133 0.1871271
0.2000907 0.2791497
0.1211286 0.3316839

0.9480803 0.3417694
0.8792322 0.4249023
0.7889817 0.4775224
0.6650012 0.5020857
0.5374203 0.4719268
0.4602295 0.4347684
0.3850703 0.3867385
0.2837642 0.3785596
0.2005099 0.3329533

0.9203173 0.3098898
0.8075357 0.3230378
0.6991820 0.3158562
0.6053751 0.3194177
0.5196557 0.2743016
0.4201938 0.2311807
0.3118323 0.2230566
0.1992529 0.2621647
0.1050272 0.3025461

0.9735115 0.3005088
0.8585577 0.3519046
0.7542756 0.3239237
0.6573017 0.2831426
0.5703625 0.2172684
0.4719808 0.1769708
0.3767441 0.1781841
0.2823377 0.1501280
0.1999354 0.1233945
0.1259044 0.2202572

0.9741327 0.2896483
0.8571334 0.2594058
0.7609971 0.2356095
0.6645005 0.2108723
0.5750402 0.1837208
0.4640697 0.2029918
0.3726067 0.1904881
0.3067139 0.2452799
0.3063688 0.3368485
0.2389150 0.4176121
0.2118943 0.5263802
0.1328291 0.4750775
0.1034847 0.3761884
0.0783620 0.2758505

0.1630633 0.1902323
0.2689375 0.2413262
0.3538747 0.2765360
0.4426111 0.3013326
0.5357750 0.3057994
0.6215351 0.3107962
0.7456814 0.3074709
0.8462161 0.3071616
0.9432638 0.3120715

0.1651105 0.2718705
0.2374888 0.3251133
0.3116159 0.3764548
0.3892003 0.4188017
0.4618350 0.5050823
0.5507911 0.5128859
0.6234299 0.4637059
0.7013672 0.4154290
0.7953175 0.3849633
0.8815371 0.3583339
0.9925952 0.3503915

0.1425531 0.2290953
0.1697001 0.3176177
0.2699411 0.3701715
0.3578873 0.3841183
0.4497539 0.4032266
0.5368916 0.4039645
0.6239264 0.3914877
0.7105316 0.3691028
0.8237648 0.3686946
0.9167414 0.3490927

0.9686134 0.3057388
0.8610496 0.3094063
0.7511528 0.2852449
0.6443094 0.2454846
0.5310797 0.2010544
0.4507759 0.1719440
0.3474811 0.1349890
0.2713661 0.1908045
0.2250802 0.2718752
0.1526660 0.3498457
0.0770430 0.2876606

0.0824367 0.2555232
0.1752591 0.2614076
0.2666227 0.2611678
0.3871684 0.2484294
0.4974772 0.2348271
0.5961641 0.2236755
0.6963463 0.2233684
0.7955731 0.2362848
0.8852354 0.2440839

0.1280576 0.2249603
0.2257893 0.2723417
0.3317256 0.2861482
0.4435040 0.2800861
0.5564768 0.2461677
0.6641074 0.2056835
0.7650361 0.1652517
0.8639367 0.1361638
0.9633734 0.1306715

0.9341723 0.3678368
0.8472523 0.3043216
0.7442154 0.3004025
0.6171884 0.2961983
0.5282279 0.2879226
0.4421004 0.2810410
0.3178878 0.2758722
0.2042648 0.2715654
0.1038550 0.2879235

0.0419560 0.2666946
0.1531467 0.2757396
0.2664354 0.2824088
0.3850078 0.2880933
0.5010889 0.2909657
0.6161522 0.2990383
0.7173594 0.2944754
0.8203414 0.2913150
0.9254874 0.2942740

0.8899303 0.3035180
0.7984788 0.2924289
0.6869870 0.2899916
0.5964207 0.3020237
0.5089851 0.3083678
0.3831155 0.3168994
0.2959261 0.3095545
0.1946601 0.3065674
0.1053800 0.3025433

0.9601293 0.3034447
0.8645550 0.3065471
0.7699911 0.3035060
0.6825298 0.3065459
0.5825464 0.2870280
0.4721605 0.2907188
0.3458352 0.2860383
0.2227103 0.2846374
0.1303473 0.2924369
0.0551394 0.2382724

0.0781587 0.1592708
0.1916060 0.1862340
0.2950550 0.1976998
0.3899866 0.2026245
0.4785615 0.2066549
0.6020909 0.2146616
0.7023319 0.2219059
0.7854023 0.2439156
0.8913310 0.2567802
0.9827166 0.2593743

0.9845271 0.3108071
0.8818612 0.3092446
0.7823811 0.3090736
0.6818574 0.3107991
0.5760352 0.3116221
0.4694635 0.3067874
0.3593680 0.3024526
0.2531416 0.2966720
0.1599886 0.2936219
0.0607764 0.2825955

0.1037005 0.2681012
0.1912464 0.2759147
0.2794538 0.2780595
0.3737017 0.2858214
0.4644112 0.2921951
0.5889691 0.2964178
0.6810234 0.2942859
0.7730888 0.2935702
0.8609212 0.2928876
0.9462881 0.2926965

0.1472741 0.1559001
0.2397882 0.1674510
0.3339998 0.1704931
0.4237727 0.1924497
0.5118405 0.2219716
0.6008929 0.2420463
0.7096510 0.2558322
0.8113908 0.2743929
0.8861931 0.3219546
0.9787174 0.3349236

0.8949229 0.3558700
0.8134442 0.3116641
0.7215923 0.2944425
0.6036924 0.2845036
0.4888937 0.2651012
0.3618739 0.2618420
0.2483133 0.2655584
0.1541498 0.2686520

0.1048069 0.3195394
0.1996978 0.3192719
0.2960033 0.3194657
0.3982944 0.3181972
0.5020074 0.3183339
0.6021637 0.3147228
0.6998838 0.3153788
0.7951934 0.3236057
0.8858771 0.3266770
0.9818774 0.3330111

0.0306689 0.3120936
0.1273088 0.3099242
0.2246431 0.3063338
0.3321077 0.2899211
0.4417036 0.2753802
0.5351322 0.2685173
0.6408297 0.2516475
0.7256092 0.2212529
0.8109470 0.2172857
0.8946047 0.2694985
0.9842449 0.2744661

0.1096170 0.3482933
0.1883114 0.3972388
0.2994428 0.3987331
0.3910816 0.3885797
0.4985937 0.3783031
0.5946307 0.3893556
0.6735595 0.4231970
0.7632837 0.4390191
0.8634323 0.4344649
0.9921527 0.4296891

0.0835754 0.2205872
0.2127156 0.2243006
0.3019555 0.2231335
0.3892040 0.2380298
0.4749899 0.2463298
0.5942458 0.2491778
0.7057048 0.2473671
0.8140257 0.2503010
0.9209173 0.2508865

0.1327514 0.4198553
0.2552437 0.3853896
0.3564983 0.3416500
0.4438457 0.3239784
0.5364989 0.3081538
0.6614942 0.2779182
0.7519836 0.2559751
0.8539551 0.2589585
0.9869861 0.2640610

0.1081537 0.2510749
0.1991024 0.2881252
0.2949413 0.2736910
0.3961339 0.2672391
0.4955811 0.2631612
0.5941097 0.2770263
0.6926455 0.2918356
0.7887377 0.3099682
0.8821883 0.3059381
0.9685658 0.2996033

0.1197606 0.2014255
0.2073325 0.2125428
0.2927254 0.2156536
0.3810248 0.2295976
0.4990461 0.2551104
0.5935954 0.2562627
0.6943473 0.2384876
0.8006032 0.2480454
0.8990253 0.2482246

0.9189862 0.3655948
0.8454776 0.3029194
0.7586888 0.3017059
0.6793593 0.2617316
0.5667984 0.2125762
0.4662376 0.2095828
0.3589490 0.2033381
0.2604936 0.1989130
0.1500707 0.1978854

0.0000000 0.4053146
0.1011337 0.4366214
0.1868861 0.4406730
0.3009641 0.4581919
0.4016454 0.4314485
0.4834773 0.3850286
0.5549919 0.3273614
0.6645364 0.3062139
0.7724823 0.3063186
0.8924325 0.3077465
0.9813121 0.3056402

0.9496461 0.3162698
0.8384301 0.3039181
0.7159301 0.2921266
0.6165677 0.2617479
0.5104662 0.2267022
0.4013625 0.2138637
0.2968775 0.2052374
0.1810203 0.2311554
0.0906454 0.2677310

0.9005748 0.3114591
0.7813155 0.3081379
0.6931524 0.3116552
0.5975928 0.3166463
0.4885702 0.3141906
0.3721365 0.3113210
0.2660057 0.3178113
0.1633582 0.3186111
0.0660754 0.3288091

0.9912145 0.3088672
0.8821113 0.2960269
0.7588251 0.2738575
0.6652680 0.2642011
0.5600299 0.2494440
0.4699928 0.2388169
0.3521441 0.2354864
0.2357467 0.2373369
0.1328345 0.2494665
0.0558859 0.2887695

0.9323178 0.3107406
0.8324922 0.3115161
0.7058107 0.3063649
0.6094501 0.2990904
0.5109877 0.2937206
0.4192347 0.2892428
0.3073607 0.2830340
0.2198295 0.2771080
0.1175456 0.2793210

0.0795595 0.2484658
0.0763711 0.3372247
0.1655669 0.3757046
0.2566510 0.3849067
0.3811314 0.3792174
0.5048916 0.3716462
0.6166551 0.3636969
0.7152388 0.3393309
0.7990039 0.3146083
0.8871927 0.3143950
0.9898182 0.3107660

0.9742133 0.3000314
0.8602011 0.2910053
0.7476070 0.2829125
0.6492625 0.2473340
0.5582408 0.2008431
0.4591791 0.2091657
0.3732939 0.2334337
0.2731778 0.2422372
0.1990840 0.2857654
0.1509795 0.3597706
0.1312216 0.2688307

0.9618600 0.2991834
0.8489684 0.2981724
0.7209455 0.3019993
0.6344800 0.2970078
0.5098891 0.2885372
0.3864225 0.2885543
0.2815445 0.2747393
0.1879762 0.2636685
0.1052475 0.2855527

0.9347613 0.3074177
0.8147929 0.3036298
0.7259096 0.3052647
0.6275023 0.3069738
0.5163927 0.3083102
0.4003263 0.3073256
0.2884524 0.3011169
0.1864589 0.2953036
0.0840941 0.2871336

0.9810620 0.3188578
0.8818649 0.3097165
0.7614960 0.2997962
0.6722049 0.2943545
0.5825941 0.2931635
0.4667923 0.2808488
0.3729522 0.2801633
0.2945629 0.3157010
0.2040628 0.2909185
0.1156058 0.3019916

0.9124213 0.2924875
0.8115192 0.2909116
0.7021438 0.2884578
0.6004847 0.2802806
0.5093896 0.2243506
0.4217260 0.2014334
0.3275293 0.2002788
0.2030114 0.2012488
0.0942344 0.1851049

0.9562748 0.3067786
0.8684534 0.3088767
0.7555434 0.3055063
0.6623685 0.2996229
0.5624915 0.2937918
0.4548505 0.2875496
0.3521956 0.2874048
0.2548170 0.2853312
0.1387763 0.2876514
0.0737464 0.2267996

0.0446781 0.2086187
0.1485424 0.2281046
0.2495404 0.2419493
0.3539555 0.2416081
0.4816039 0.2349506
0.6054675 0.2405948
0.7179590 0.2354721
0.8287051 0.2327234
0.9377389 0.2365962

0.0992620 0.2870154
0.1910665 0.2980996
0.2800124 0.3044865
0.3700163 0.3108655
0.4610344 0.3115729
0.5548708 0.3117867
0.6419463 0.3045016
0.7339456 0.2952904
0.8376587 0.2954283
0.9434845 0.2950782

0.1241227 0.2632221
0.2218356 0.2629327
0.3252145 0.2654314
0.4331643 0.2660069
0.5397068 0.2670657
0.6448861 0.2742714
0.7510794 0.2758057
0.8547853 0.2749997
0.9571095 0.2779808

0.9201185 0.3297149
0.8118713 0.3362198
0.6873576 0.3376597
0.5910228 0.3336890
0.5031318 0.3268210
0.4029278 0.3242969
0.3080002 0.3198442
0.2150017 0.3366163
0.1350249 0.3042002

0.9324204 0.3239555
0.8195325 0.3234165
0.7157131 0.3095918
0.6246253 0.2999164
0.5307559 0.2954547
0.4312683 0.2943410
0.3413194 0.2950413
0.2241102 0.2832105
0.1306559 0.2867707

0.9270487 0.3136134
0.8264443 0.3049553
0.7288641 0.2769224
0.6443168 0.2464285
0.5584795 0.2315205
0.4565078 0.2285381
0.3670437 0.2462261
0.2694079 0.2564262
0.1772508 0.2906555
0.0906532 0.3139859

0.9155109 0.3269187
0.7969571 0.3235920
0.7105724 0.3289834
0.6100121 0.3259895
0.4970801 0.3197882
0.3803046 0.3183372
0.2783773 0.3210189
0.1616717 0.3285360
0.0727370 0.3235653

0.9894398 0.3074650
0.8864102 0.3044893
0.7996617 0.3084673
0.6988072 0.3130272
0.5929814 0.3133782
0.4864171 0.3094874
0.3915335 0.3106980
0.3062181 0.3174981
0.2143036 0.3375657
0.1348712 0.3749998
0.0635988 0.3278845

0.0963264 0.3177176
0.2217697 0.2997484
0.3081838 0.2981313
0.3988198 0.2950656
0.4979914 0.3009016
0.6057792 0.3260224
0.7104000 0.3068012
0.8078524 0.2730045
0.9034085 0.2675421

0.9626791 0.3138087
0.8666971 0.3098344
0.7642409 0.2898631
0.6791606 0.2815567
0.5863384 0.2756708
0.4895809 0.2627359
0.3995915 0.2582444
0.3128833 0.2674154
0.2214390 0.3025829
0.1868625 0.2112864

0.8962568 0.3459479
0.7936902 0.3571286
0.6807175 0.3910461
0.5626746 0.4080118
0.4758640 0.4039674
0.3809550 0.4018742
0.2948167 0.3935772
0.1963362 0.3858486
0.1158706 0.3359728
0.0849022 0.2550320

0.8993178 0.3312924
0.7867644 0.3283911
0.6618539 0.3241703
0.5736578 0.3234403
0.4833342 0.3213112
0.3905267 0.3173136
0.2688423 0.3196772
0.1725074 0.3157078
0.0825328 0.3131052

0.9891750 0.3187948
0.8920870 0.3086931
0.7957265 0.3014181
0.6958862 0.3003062
0.5939258 0.2987392
0.4877289 0.2967335
0.3850078 0.2880933
0.2897053 0.2808116
0.1982902 0.2744439
0.0974210 0.2771179

0.9422239 0.3144395
0.8515732 0.3156157
0.7563076 0.3130522
0.6709004 0.3080523
0.5756200 0.3036015
0.4707716 0.2935616
0.3712803 0.2919761
0.2735821 0.2941529
0.1533637 0.3035853
0.0730193 0.2692843

0.9555107 0.2992327
0.8672779 0.2937822
0.7614447 0.2931887
0.6736159 0.2943435
0.5745288 0.2993621
0.4790132 0.3100170
0.3880245 0.3130852
0.2706097 0.3201354
0.1828692 0.3326187
0.0936439 0.2903631

0.9125717 0.3118379
0.8215866 0.3153768
0.7189135 0.3128709
0.5925993 0.3096053
0.4923732 0.3042492
0.3843832 0.2984819
0.2820737 0.2973907
0.1899973 0.2966920
0.0944597 0.3045164

0.9722398 0.3184543
0.8731307 0.3206401
0.7647734 0.3129864
0.6751406 0.3089633
0.5890462 0.3063290
0.4640916 0.2964455
0.3741390 0.2966737
0.2796192 0.2992977
0.1597057 0.3025919
0.0688532 0.3231236

0.0751427 0.2249008
0.1801313 0.2528739
0.2940410 0.2486825
0.3785666 0.2310327
0.4687178 0.2109794
0.5604050 0.2069621
0.6775116 0.2055793
0.7656860 0.2034778
0.8516773 0.2382087
0.9674938 0.2524127

0.9187332 0.3330296
0.8192128 0.3276669
0.7147099 0.3166795
0.5929153 0.3048829
0.4644149 0.2926670
0.3790075 0.2876680
0.2773300 0.2771321
0.1664957 0.2685558
0.0802986 0.2980189

0.0347209 0.2436235
0.0117681 0.3311205
0.1015738 0.3573237
0.2264843 0.3615422
0.3209157 0.3475910
0.4256758 0.3463034
0.5416502 0.3354890
0.6522345 0.3119734
0.7555801 0.3102259
0.8617404 0.3075129
0.9686207 0.3066827

0.9185683 0.3117913
0.8331537 0.3058471
0.7361170 0.3023534
0.6278220 0.3027235
0.5036573 0.3036894
0.4137158 0.3053334
0.3266035 0.3078996
0.2109046 0.3088008
0.1149923 0.3137961
0.0346699 0.2823270

0.9575200 0.3308403
0.8410864 0.3279689
0.7490028 0.3263247
0.6512570 0.3223648
0.5535259 0.3202930
0.3753258 0.3131841
0.2712600 0.3130505
0.1763949 0.3166215
0.0884305 0.3456265
0.0690766 0.2612913

0.0399637 0.1921358
0.1418767 0.1875655
0.2706680 0.1917539
0.3659157 0.1919561
0.4824233 0.2042649
0.6027413 0.2075767
0.7008476 0.2124777
0.7890330 0.2117922

0.9008982 0.3076807
0.7935110 0.2886916
0.6819128 0.2725675
0.5901525 0.2671453
0.4965365 0.2499380
0.4051324 0.2449856
0.2936294 0.2411339
0.2015823 0.2442109
0.1135110 0.2595289

0.9114328 0.3014630
0.7974609 0.2976287
0.7120720 0.2949885
0.6182209 0.2928864
0.5229699 0.2922114
0.4318930 0.2839524
0.3122550 0.2773320
0.2247716 0.2775415
0.1550432 0.3380274
0.0763853 0.2938015

0.9566606 0.3110235
0.8688172 0.3102899
0.7796288 0.3180628
0.6786827 0.3108237
0.5854637 0.2992770
0.4883572 0.2868168
0.4001059 0.2790079
0.2910721 0.2751371
0.2064915 0.2857077
0.1230571 0.2622864

0.9259758 0.3117338
0.8176331 0.3059677
0.7319025 0.3047461
0.6373460 0.3026494
0.5403056 0.2986843
0.4376580 0.2994832
0.3371269 0.3002658
0.2481922 0.2952946
0.1508357 0.2960532

0.0600999 0.2410657
0.1521654 0.2403481
0.2605857 0.2560230
0.3858456 0.2597674
0.4768344 0.2566992
0.5653688 0.2555383
0.6785840 0.2527698
0.7698927 0.2454521
0.8563619 0.2509160
0.9457484 0.2686292

0.9029817 0.3034166
0.7963146 0.2863098
0.6756479 0.2834720
0.5856953 0.2836996
0.4925424 0.2806484
0.3948735 0.2866005
0.3081213 0.2901079
0.1931131 0.2891159
0.1070627 0.2921464

0.0682640 0.2022989
0.1585736 0.2478500
0.2657665 0.2418229
0.3767992 0.2305745
0.4861491 0.2297233
0.5898991 0.2345800
0.6869471 0.2394891
0.7865705 0.2580662
0.9033792 0.2637664

0.9543608 0.2874419
0.8483626 0.2656098
0.7641901 0.2379446
0.6785992 0.2093467
0.5958557 0.1840308
0.4861053 0.1334379
0.3927865 0.1091488
0.2982110 0.1046934
0.2448700 0.1858190
0.2059660 0.2635283

0.9366460 0.3229787
0.8420822 0.3199374
0.7422384 0.3183534
0.6353580 0.3191845
0.5348747 0.3261020
0.4357436 0.3254575
0.3344594 0.3201101
0.2381208 0.3156686
0.1294436 0.3122675
0.0435584 0.2912255

0.1196952 0.2835522
0.2146744 0.2946118
0.3375458 0.3087584
0.4339689 0.3240553
0.5448506 0.3387681
0.6545968 0.3435783
0.7683485 0.3190944
0.8882883 0.2737954

0.9240288 0.2881495
0.8227922 0.2889360
0.7204607 0.2850115
0.6294352 0.2833594
0.5309985 0.2812932
0.4343548 0.2829892
0.3380896 0.2879866
0.2471376 0.2957748
0.1384824 0.2952055
0.0608459 0.2462518

0.9810363 0.3155541
0.8642682 0.3150451
0.7714718 0.3124623
0.6645437 0.3071578
0.5509245 0.3033216
0.4595537 0.3026167
0.3671062 0.2995604
0.2760771 0.2974374
0.1550576 0.2946043
0.0651597 0.2566019

0.9185939 0.3150951
0.8237067 0.3158323
0.7308810 0.3094739
0.6440958 0.3087328
0.5442004 0.3005420
0.4432725 0.2956635
0.3151762 0.2900530
0.1990619 0.2829337
0.1066438 0.2836539

0.9472730 0.2832490
0.8507064 0.2948550
0.7473203 0.2914105
0.6393156 0.2837545
0.5387000 0.2736814
0.4443565 0.2536481
0.3318468 0.2564119
0.2352435 0.2633002
0.1704755 0.3265794
0.1450113 0.2276601

0.8965554 0.2935548
0.7889254 0.2887272
0.6824050 0.2904993
0.5772809 0.2903729
0.4721421 0.2883590
0.3747710 0.2872290
0.2910245 0.3143125
0.2076934 0.3494169
0.1148897 0.3458922
0.0751358 0.2692678

0.9314217 0.2862041
0.8206501 0.2856487
0.7052818 0.2837135
0.6032773 0.2764830
0.5133100 0.2748229
0.4041844 0.2591526
0.2959223 0.2637716
0.1799367 0.2731709
0.0983178 0.3016544

0.9190648 0.2848841
0.8167479 0.2828471
0.7127041 0.2855438
0.5991766 0.2935065
0.4772164 0.3057831
0.3911367 0.3050372
0.2867365 0.3072661
0.1928707 0.3032775
0.1038329 0.2850918

0.9478420 0.3110920
0.8543585 0.3108742
0.7562599 0.3069167
0.6355713 0.3012472
0.5477058 0.2976828
0.4544390 0.2800010
0.3557046 0.2397065
0.2612726 0.2083467
0.1486009 0.1903450
0.0841709 0.2517338
0.0907566 0.3725117
0.0270274 0.2974903
0.0365724 0.2096258
0.0749486 0.2905088

0.8973378 0.3034605
0.8080578 0.2994343
0.7159961 0.3006219
0.6222148 0.3074870
0.5280147 0.3058598
0.4333664 0.2919647
0.3105795 0.2886728
0.1899348 0.2886687
0.1035243 0.2907581

0.9315830 0.3069704
0.8232880 0.3073397
0.7054726 0.3082555
0.6169311 0.3084720
0.5220145 0.3054345
0.4256869 0.3024083
0.3350509 0.3054739
0.2166146 0.3172521
0.1305202 0.3146191
0.0564037 0.2646940

0.8937224 0.2921608
0.7747534 0.2808136
0.6498501 0.2775367
0.5637593 0.2753744
0.4476928 0.2743896
0.3429067 0.2723735
0.2601706 0.2933134
0.1713793 0.3067488
0.0761466 0.3084351

0.9415001 0.3120852
0.8544208 0.3188975
0.7292200 0.3227025
0.6297399 0.3225321
0.5175611 0.3224608
0.4081674 0.3176483
0.3133427 0.3264104
0.1990512 0.3268288
0.1139855 0.3204118

0.9923350 0.3168823
0.8825704 0.3097110
0.7739153 0.3091394
0.6624126 0.3052864
0.5738416 0.3017274
0.4802111 0.2826323
0.3658238 0.2707790
0.2772564 0.2676928
0.1919519 0.2759092
0.1048690 0.2822518

0.9742609 0.3061669
0.8719295 0.3022419
0.7537357 0.2998565
0.6347850 0.2908696
0.5197071 0.2809090
0.4061686 0.2874566
0.3205408 0.2994510
0.2306765 0.3110067
0.1457322 0.3201644

0.9537727 0.3025501
0.8644523 0.2933322
0.7759144 0.2940202
0.6792414 0.2919398
0.5790446 0.2903592
0.4841060 0.2844900
0.3902365 0.2800288
0.2967417 0.2783968
0.2096110 0.2786036
0.1115895 0.2845593

0.9131562 0.2962577
0.8027850 0.3018352
0.6814092 0.2985308
0.5906814 0.2897966
0.5021141 0.2867098
0.3793456 0.2857774
0.2675378 0.2880641
0.1814690 0.2887346
0.0948635 0.2658101

0.0378004 0.2766388
0.1582690 0.2992992
0.2489749 0.3052003
0.3438584 0.3039893
0.4401493 0.3022957
0.5304692 0.3039528
0.6334842 0.3050394
0.7336258 0.2995408
0.8287815 0.2879455
0.9179324 0.3207641

0.9021955 0.2930390
0.8034355 0.2947503
0.6933620 0.2932460
0.5770126 0.3012307
0.4680562 0.3072704
0.3703985 0.3146384
0.2786271 0.3078013
0.1802309 0.3109278
0.0975723 0.3417793
0.0566976 0.2571399

0.9493748 0.2813448
0.8516913 0.2854075
0.7398761 0.2867485
0.6209474 0.2805934
0.5040359 0.2616794
0.3924264 0.2441405
0.2996665 0.2462788
0.2221629 0.3049372
0.1442260 0.3532154
0.0746658 0.2994788

0.9262846 0.3060675
0.8255921 0.2860823
0.6981756 0.2771609
0.6000843 0.2741479
0.4956436 0.2711845
0.3929445 0.2653760
0.2909803 0.2633381
0.1882958 0.2594181
0.0952236 0.2667513

0.9435102 0.2983819
0.8306699 0.3039784
0.7385899 0.3028062
0.6352149 0.3007780
0.5081768 0.2951584
0.4189113 0.2930212
0.3247332 0.2942265
0.2337077 0.2925755
0.1138016 0.2968138

0.1086020 0.2633431
0.2237023 0.2761338
0.3447880 0.2874625
0.4513121 0.2861612
0.5656185 0.2876317
0.6724255 0.2773612
0.7758043 0.2798614
0.8763685 0.2833278
0.9829438 0.2886359

0.9258255 0.2923834
0.8323199 0.2893340
0.7239477 0.2797925
0.6310888 0.2691868
0.5386819 0.2260106
0.4323965 0.2126781
0.3305607 0.2271586
0.2435328 0.2405802
0.1508059 0.2469665

0.9220150 0.3013808
0.8337235 0.2883791
0.7236133 0.2821551
0.6336204 0.2771910
0.5411435 0.2703585
0.4429603 0.2555469
0.3454751 0.2397862
0.2536777 0.2296454
0.1389521 0.2196835

1.0000000 0.3045511
0.8803586 0.2974565
0.7844168 0.2986740
0.6779405 0.3061096
0.5725298 0.3144813
0.4787082 0.3161553
0.3912322 0.3173082
0.2746001 0.3342640
0.1638029 0.3304073
0.0739971 0.3042039

0.9475076 0.3134545
0.8589588 0.3127264
0.7661990 0.3148633
0.6621076 0.3114246
0.5494915 0.3005008
0.4341159 0.2976228
0.3222751 0.2956616
0.2354788 0.2935057
0.1406651 0.3036843

0.9330013 0.3079033
0.8338409 0.3034818
0.7216693 0.3043537
0.6345534 0.3064470
0.5414409 0.3085873
0.4426111 0.3013326
0.3424144 0.2997527
0.2496252 0.2981154
0.1412529 0.2885760
0.0553129 0.3057656

0.9252227 0.3056038
0.8013997 0.3051499
0.7079088 0.3039887
0.6041663 0.3000755
0.4919287 0.2924529
0.3797755 0.2956858
0.2739459 0.2955660
0.1818217 0.2887319
0.0900650 0.2837831

0.9040986 0.3109598
0.8010323 0.3032648
0.6821404 0.3018291
0.5759214 0.2969913
0.4774920 0.2958692
0.3712877 0.2929200
0.2718148 0.2936946
0.1850369 0.2938987
0.0951799 0.3063987

0.9908947 0.3131176
0.8755632 0.3159013
0.7700425 0.3101135
0.6465319 0.3044659
0.5572555 0.3009124
0.4658479 0.2954878
0.3413525 0.2992889
0.2465241 0.3075793
0.1970564 0.3877309
0.1021363 0.3842228
0.0619414 0.2962741

0.1374900 0.2583980
0.2268034 0.2666699
0.3416060 0.2865433
0.4287367 0.2863369
0.5169219 0.2856506
0.6323195 0.2913607
0.7177525 0.2996642
0.8107837 0.3324523
0.8945371 0.3516251

0.9565946 0.3025282
0.8557071 0.3028399
0.7445278 0.2952082
0.6486190 0.3006738
0.5500719 0.3297597
0.4598108 0.3356539
0.3723128 0.3339751
0.2831173 0.3408055
0.1945648 0.3396074
0.1290905 0.2669593

0.1157631 0.2316640
0.2066969 0.2215156
0.3424988 0.2199858
0.4536124 0.2191208
0.5650641 0.2163656
0.6719595 0.2174222
0.7703890 0.2185449
0.8660114 0.2215777
0.9644739 0.2269487

0.9415734 0.3215244
0.8388709 0.3152425
0.7171314 0.3105248
0.6236148 0.3060601
0.5297564 0.3030143
0.4418946 0.2999222
0.3328720 0.2974670
0.2454107 0.3005082
0.1626968 0.3242801
0.0716714 0.3226296

0.9753302 0.3075746
0.8753212 0.2847519
0.7874264 0.2774111
0.6794363 0.2716428
0.5562599 0.2636330
0.4317423 0.2646020
0.3149961 0.2669269
0.2165739 0.2667496
0.1152968 0.2623469

0.9375026 0.2970126
0.8461538 0.2991382
0.7381454 0.2910099
0.6449925 0.2879583
0.5415550 0.2779071
0.4282406 0.2679332
0.3093154 0.2622513
0.2002890 0.2593246
0.0899840 0.2734000

0.9001414 0.3010787
0.8034685 0.2989979
0.6944386 0.2955976
0.5744884 0.2941705
0.4527708 0.2922857
0.3381558 0.2964819
0.2376908 0.3057602
0.1293811 0.3042442
0.0471920 0.2595739

0.9912475 0.3131148
0.8871560 0.3096754
0.7887127 0.2613535
0.7020526 0.2313479
0.6067503 0.1787542
0.5206410 0.1289212
0.4323782 0.1196964
0.3213561 0.1323605
0.2349048 0.1292579
0.1854221 0.2075217
0.1088518 0.2501254

0.8928915 0.3214306
0.7817380 0.3171024
0.6621002 0.3104807
0.5378731 0.3034232
0.4104970 0.2996946
0.2855900 0.2959473
0.1740945 0.2930400
0.0876215 0.2871061

0.9010273 0.2788884
0.7959142 0.2801771
0.6752952 0.2834747
0.5659125 0.2800776
0.4670973 0.2747106
0.3753773 0.2744806
0.2782522 0.2596613
0.1882995 0.2598901
0.1019478 0.2695308

0.8970364 0.3100706
0.7735222 0.3039506
0.6807037 0.2985363
0.5847105 0.2931470
0.4893897 0.2835049
0.3912616 0.2757729
0.2910280 0.2694735
0.1989148 0.2640552
0.0947532 0.2516513

0.0719538 0.2683487
0.1570784 0.2823168
0.2523736 0.2886542
0.3469339 0.2912217
0.4366072 0.3004353
0.5388799 0.2968075
0.6361226 0.2814194
0.7016301 0.2223833
0.8068241 0.2314774
0.9158652 0.2362941
