0.0442250 0.9560448
0.1267771 0.9915584
0.2131285 0.9828363
0.3067995 0.9757601
0.3855105 0.9649703
0.4606921 0.9495312
0.4788614 0.8724574
0.4775437 0.7810765
0.4799304 0.6752156
0.4815703 0.5969899
0.4835090 0.5162116
0.4851235 0.4345856
0.4867572 0.3555099
0.4900939 0.2492168
0.4917435 0.1722663
0.4882400 0.0860027
0.4195217 0.0312563
0.3365826 0.0293254
0.2355472 0.0292303
0.1195703 0.0279721
0.0045337 0.0250070

0.0568786 0.9487239
0.1347830 1.0000000
0.2319517 0.9933224
0.3389434 0.9831712
0.4250025 0.9778525
0.4923310 0.9318670
0.4776227 0.8342100
0.4713298 0.7573188
0.4782531 0.6633261
0.4862184 0.5812275
0.4912673 0.4914995
0.4953695 0.4026286
0.4979500 0.3226957
0.5004035 0.2257608
0.4943775 0.1420665
0.4829410 0.0571373
0.3969935 0.0352502
0.2918756 0.0415615
0.2057690 0.0409299
0.1196593 0.0398735
0.0297530 0.0409711

0.0279528 0.9468149
0.1214970 0.9652434
0.2275929 0.9627498
0.3336698 0.9577062
0.4213175 0.9523757
0.4861013 0.9059841
0.4733943 0.8210644
0.4715269 0.7411646
0.4803468 0.6458824
0.4844046 0.5510609
0.4911979 0.4396411
0.4986393 0.3299168
0.5010452 0.2266062
0.4944314 0.1492923
0.4982985 0.0714751
0.4413161 0.0140907
0.3638160 0.0172199
0.2697604 0.0157973
0.1782433 0.0139310
0.0854808 0.0154749
0.0000000 0.0135640

0.0742463 0.8920592
0.1119822 0.9674399
0.1956396 0.9808417
0.3074380 0.9761804
0.3910160 0.9789565
0.4882737 0.9841812
0.5325921 0.9200895
0.5230780 0.8372713
0.5237713 0.7599028
0.5203093 0.6791649
0.5208154 0.5767185
0.5255563 0.4882680
0.5296301 0.3955717
0.5286969 0.3131146
0.5321099 0.2170227
0.5121687 0.1419336
0.4959763 0.0583152
0.4050281 0.0475173
0.2985696 0.0444870
0.2200624 0.0403979
0.1422065 0.0384296
0.0586384 0.0373544

0.0678674 0.9312137
0.1553309 0.9437367
0.2703127 0.9399016
0.3735686 0.9399802
0.4507294 0.9343030
0.4564452 0.8488207
0.4491135 0.7604602
0.4366859 0.6704376
0.3902649 0.5806689
0.3896744 0.5016097
0.3869047 0.3860106
0.3898152 0.3077755
0.3944763 0.2086987
0.4069020 0.1282672
0.4136028 0.0470282
0.3516227 0.0011583
0.2537832 0.0035896
0.1571765 0.0009113
0.0516868 0.0000000

0.0416072 0.9458626
0.1089769 0.9904163
0.1965959 0.9812596
0.2930975 0.9703365
0.3794839 0.9662905
0.4566954 0.9674141
0.4922869 0.8834090
0.4900289 0.7937355
0.4941787 0.7112404
0.5066139 0.6320840
0.5160408 0.5329717
0.5157842 0.4560354
0.5095870 0.3493884
0.5043618 0.2452846
0.4986916 0.1666885
0.4606857 0.0976854
0.3620398 0.0771685
0.2834978 0.0684037
0.2058644 0.0536813
0.1111290 0.0463134
0.0236912 0.0376159

0.0347894 0.9263603
0.1196512 0.9733336
0.2206259 0.9657773
0.3032096 0.9630347
0.3829436 0.9615888
0.4622773 0.9490943
0.4899647 0.8702491
0.4841740 0.7755011
0.4832819 0.6985696
0.4858337 0.6148112
0.4883379 0.5246770
0.4886023 0.4324343
0.4881965 0.3355207
0.4874413 0.2343590
0.4858027 0.1425556
0.4761963 0.0474110
0.3951573 0.0021083
0.2963680 0.0049717
0.2131301 0.0055938
0.1216257 0.0054279
0.0288472 0.0048467

0.0397007 0.9033696
0.1043099 0.9611212
0.2043602 0.9573975
0.2856763 0.9550894
0.3647495 0.9502478
0.4454016 0.9441194
0.4813934 0.8711632
0.4705354 0.7785784
0.4720769 0.6871763
0.4822089 0.5974102
0.4873372 0.5183084
0.4917254 0.4251847
0.4947476 0.3193190
0.4980907 0.2138760
0.4993464 0.1267267
0.4847774 0.0477720
0.4117921 0.0172867
0.3028268 0.0189508
0.2227629 0.0191241
0.1303054 0.0189653
0.0413139 0.0149552

0.0489331 0.9483582
0.1425853 0.9812384
0.2452533 0.9876970
0.3278433 0.9858046
0.4068942 0.9779878
0.4668618 0.9248309
0.4681586 0.8432072
0.4881453 0.7542178
0.5194994 0.6557919
0.5342224 0.5426126
0.5394401 0.4329049
0.5504621 0.3346308
0.5610169 0.2588891
0.5679153 0.1614960
0.5278860 0.0767802
0.4264378 0.0639353
0.3361282 0.0535580
0.2388449 0.0453584
0.1399858 0.0388713
0.0446404 0.0349087
