0.1379600 0.0741426
0.1289107 0.1566298
0.1324061 0.2386370
0.1345415 0.3290491
0.1316883 0.4015672
0.1288710 0.4786637
0.1306075 0.5545798
0.1374501 0.6270218
0.1421341 0.7151246
0.1307498 0.7907621
0.1918201 0.8322542

0.1687802 0.0765716
0.1410595 0.1420353
0.1406193 0.2313229
0.1456424 0.3262911
0.1520793 0.4197219
0.1544789 0.5074610
0.1573320 0.5803159
0.1610168 0.6501119
0.1624351 0.7218333
0.1707573 0.8011318
0.1054918 0.8428520
0.1316689 0.9078928

0.1336764 0.0734131
0.0884881 0.1298565
0.0854726 0.2180197
0.0809743 0.2989450
0.0681461 0.3723045
0.0539909 0.4582658
0.0491687 0.5342334
0.0429536 0.6144090
0.0404877 0.6998971
0.0424797 0.7719956
0.0737602 0.8331806
0.1404261 0.8608926

0.1356794 0.0379126
0.0876423 0.0947599
0.0827779 0.1653860
0.0775079 0.2570010
0.0725831 0.3562443
0.0673072 0.4470961
0.0645171 0.5276264
0.0614358 0.6073959
0.0586607 0.6898339
0.0563751 0.7619660
0.0601499 0.8432080
0.0894880 0.9112763

0.1542181 0.0743966
0.1150216 0.1311745
0.0487274 0.1874020
0.0147783 0.2586381
0.0141978 0.3299937
0.0181891 0.4024581
0.0221594 0.4722517
0.0292905 0.5450730
0.0361274 0.6167520
0.0354175 0.7079496
0.0302533 0.7766703
0.0567309 0.8436164
0.0871618 0.9055712

0.1081878 0.0598771
0.0891064 0.1359565
0.0916925 0.2111028
0.0915527 0.3022959
0.0880357 0.3992389
0.0861639 0.4877747
0.0837278 0.5770780
0.0857855 0.6575703
0.0872220 0.7315809
0.0835105 0.8037243
0.0789255 0.8735851
0.1385579 0.9135621

0.1075276 0.0484355
0.0921894 0.1290643
0.0866312 0.2202999
0.0864435 0.3053885
0.0868531 0.3939064
0.0861489 0.4858670
0.0851087 0.5713438
0.0863079 0.6514613
0.0880356 0.7262328
0.0878719 0.8143736
0.0935859 0.8883507

0.0993016 0.0904713
0.0993301 0.1667824
0.0994126 0.2499610
0.0968865 0.3278183
0.0954862 0.4037591
0.0943680 0.4793160
0.0912268 0.5514548
0.0886289 0.6201554
0.0864780 0.7094565
0.0822141 0.7838935
0.0853646 0.8582723
0.1226723 0.9243703

0.1480199 0.0477362
0.0954738 0.1114869
0.0888804 0.1798373
0.0850573 0.2741117
0.0856083 0.3443138
0.0878943 0.4175547
0.0901623 0.4885064
0.0921175 0.5922744
0.0851479 0.7216768
0.0939922 0.8311141
0.1039687 0.9031499

0.1318822 0.0264957
0.0927845 0.0958642
0.0885084 0.1687751
0.0820887 0.2592543
0.0773831 0.3501017
0.0712008 0.4344742
0.0640672 0.5066444
0.0587914 0.5974962
0.0590693 0.6692267
0.0567567 0.7379250
0.0531082 0.8180805
0.0627817 0.8878294

0.1405573 0.0416899
0.0996976 0.1045858
0.0942778 0.1771240
0.0872279 0.2599771
0.0864488 0.3423994
0.0847424 0.4156716
0.0791065 0.4969874
0.0602742 0.6047342
0.0402720 0.6724267
0.0174272 0.7412862
0.0297393 0.8201718
0.0701631 0.8835743

0.1440633 0.0523460
0.0969476 0.1175803
0.0958055 0.1900850
0.0955429 0.2656352
0.0959344 0.3518639
0.0963350 0.4392372
0.0950628 0.5678317
0.0952763 0.7040457
0.0952490 0.8822328

0.1006047 0.0748173
0.0823610 0.1486008
0.0867690 0.2378504
0.0869054 0.3278967
0.0891764 0.3992299
0.0883974 0.4816522
0.0870360 0.5625529
0.0904987 0.6403632
0.0879547 0.7159314
0.0839371 0.7854062
0.0773828 0.8587165
0.1378618 0.8975422

0.1353725 0.0714920
0.0835952 0.1241715
0.0835938 0.1966673
0.0858619 0.2676190
0.0856113 0.3446953
0.0856578 0.4232956
0.0842486 0.4980917
0.0828243 0.5709802
0.0825318 0.6427151
0.0819901 0.7190306
0.0808331 0.7896277
0.0785265 0.8590891
0.1249087 0.9186294

0.1362916 0.0432496
0.0945973 0.1088229
0.0875743 0.1951098
0.0867683 0.2740983
0.0857490 0.3622458
0.0841235 0.4458195
0.0830293 0.5244287
0.0774377 0.6477153
0.0774843 0.7263156
0.0732593 0.8057125
0.0841094 0.8800309

0.1277004 0.0387383
0.0825510 0.1001417
0.0763626 0.1837511
0.0792399 0.2596583
0.0822224 0.4942921
0.0841567 0.5953893
0.0813456 0.6732489
0.0814358 0.8300679
0.1357429 0.8819150

0.1276150 0.1005511
0.1176533 0.1757959
0.1128338 0.2521450
0.1112351 0.3391524
0.1073580 0.4265593
0.1068461 0.5066902
0.1028373 0.5773096
0.0995456 0.6666196
0.0945249 0.7536539
0.0880036 0.8311611
0.0965483 0.9024451

0.1032133 0.0801386
0.0944731 0.1656758
0.0902510 0.2454542
0.0896793 0.3179544
0.0836772 0.3889711
0.0726080 0.4684217
0.0674946 0.5436284
0.0596103 0.6291590
0.0542178 0.7051311
0.0479997 0.7849252
0.0730963 0.8576055
0.1032509 0.9207072

0.1581875 0.0350651
0.0981519 0.0893357
0.0961333 0.1591763
0.0956663 0.2450302
0.1001282 0.3411474
0.0982923 0.4342616
0.0941301 0.5216707
0.0950022 0.5964489
0.0975704 0.6693060
0.0979051 0.7482856
0.0919960 0.8311297
0.1214208 0.9102625

0.1473042 0.1019229
0.1408035 0.1821007
0.1382803 0.2603396
0.1331336 0.3313495
0.1321321 0.4217862
0.1268770 0.5153088
0.1211841 0.5893754
0.1195135 0.6672260
0.1169515 0.7405050
0.1115289 0.8126617
0.0992922 0.8886875

0.1383927 0.0565876
0.0849672 0.1172928
0.0779622 0.2058688
0.0777535 0.2882867
0.0745487 0.3886611
0.0750997 0.4588632
0.0778686 0.5572830
0.0771286 0.6446653
0.0717360 0.7206374
0.0652387 0.8011968
0.0712140 0.8721194

0.1024296 0.0893021
0.1011161 0.1763073
0.1009462 0.2636850
0.0998520 0.3422942
0.0959271 0.4235965
0.0956674 0.4995283
0.0956421 0.5689718
0.0948930 0.6552094
0.0927301 0.7429844
0.0893486 0.8208485

0.0966332 0.0775193
0.0835586 0.1558410
0.0818402 0.2275871
0.0835828 0.3042663
0.0881622 0.3790154
0.0887641 0.4557035
0.0819276 0.5293976
0.0833970 0.6076051
0.0851456 0.6850473
0.0848591 0.7575453
0.0820600 0.8369311
0.0974667 0.9104505

0.1817457 0.0570106
0.1425939 0.1195114
0.1439883 0.1881806
0.1426298 0.2694628
0.1413610 0.3621910
0.1384591 0.4648524
0.1356178 0.5388967
0.1327916 0.6148486
0.1322377 0.6896380
0.1311015 0.7629058
0.1331861 0.8468318
0.1340431 0.9197024

0.1130590 0.0991391
0.1074438 0.1831256
0.1061063 0.2670785
0.1040032 0.3624841
0.1030707 0.4616961
0.1060887 0.5555353
0.1039167 0.6421657
0.0999948 0.7238496
0.0971327 0.7952231
0.0814022 0.8621190
0.1186740 0.9236386

0.1105530 0.0705421
0.0977246 0.1439016
0.0958108 0.2270959
0.0816135 0.3077157
0.0697157 0.3906069
0.0719053 0.4878866
0.0763103 0.5767547
0.0807273 0.6671489
0.0822507 0.7522240
0.0827897 0.8209000
0.0998745 0.8902091

0.1093884 0.0674988
0.0931438 0.1416482
0.0897862 0.2225645
0.0899584 0.3171891
0.0916045 0.4179071
0.0944399 0.4884728
0.0977910 0.5884143
0.1002836 0.6879810
0.1021490 0.7803030
0.1026940 0.8497420
0.0929609 0.9177355

0.1223538 0.0479376
0.0918504 0.1221990
0.0864576 0.1981710
0.0874375 0.2866844
0.0909031 0.3648763
0.0920963 0.4442307
0.0921489 0.5235940
0.0921714 0.5991420
0.0927494 0.6727779
0.0927391 0.7441290
0.0905132 0.8238918
0.0879813 0.9009861

0.1543596 0.0560807
0.0957710 0.1130108
0.0937673 0.1847592
0.0998924 0.2747584
0.1013288 0.3487691
0.1034015 0.4311690
0.1017729 0.5143611
0.1010463 0.6761467
0.0966918 0.7753856
0.1001185 0.8486176
0.1226424 0.9205550

0.1392729 0.0233853
0.1145567 0.1082847
0.1140897 0.1941386
0.1102755 0.2895576
0.1053714 0.3914717
0.1018544 0.4884146
0.1020327 0.5838023
0.1019078 0.6769031
0.1008556 0.7608538
0.0968798 0.8356701
0.1352923 0.8971808

0.1347782 0.0684442
0.1213943 0.1437158
0.1208284 0.2169791
0.1194879 0.3005505
0.1150584 0.3902510
0.1129223 0.4814597
0.1116207 0.5699911
0.1105624 0.6531787
0.1083096 0.7295076
0.1068644 0.7997254
0.0785714 0.8648121
0.1306360 0.9216369

0.1723767 0.0624258
0.1105942 0.1121314
0.1117155 0.1823290
0.1151930 0.2620470
0.1181451 0.3474924
0.1199984 0.4382883
0.1215456 0.5264157
0.1165068 0.6111608
0.1182913 0.6931814
0.1134210 0.7630445
0.0917318 0.8338027
0.0600169 0.8989163

0.2061936 0.1560234
0.1892339 0.2481116
0.1877157 0.3454204
0.1867769 0.4438693
0.1821518 0.5450180
0.1788867 0.6377618
0.1750394 0.7289840
0.1768386 0.8129123
0.1848996 0.8952653
0.1086399 0.8806014

0.1254272 0.0761487
0.1093592 0.1728086
0.1086999 0.2704922
0.1049365 0.3723973
0.1017862 0.4433915
0.0951563 0.5434113
0.0907748 0.6392164
0.0900318 0.7262171
0.0700895 0.8015403
0.0563762 0.8710912
0.1221506 0.8942314

0.1095051 0.0823785
0.0804007 0.1531949
0.0757460 0.2505283
0.0771765 0.3237759
0.0786759 0.4057988
0.0818833 0.4874267
0.0804950 0.5648936
0.0790738 0.6381636
0.0739125 0.7072658
0.0588511 0.7867478
0.0505920 0.8608346
0.0961188 0.9203816

0.1766394 0.0604846
0.1353612 0.1790910
0.1340356 0.2645700
0.1430601 0.3606514
0.1478796 0.4296753
0.1503210 0.5227559
0.1516368 0.6177532
0.1580916 0.7134732
0.1675216 0.7885658
0.1211641 0.8412028

0.1896978 0.0527511
0.1586177 0.1262537
0.1549717 0.2067907
0.1537209 0.3018081
0.1527403 0.3949155
0.1474911 0.4892012
0.1377091 0.5873379
0.1350595 0.6858003
0.1285709 0.7675043
0.0888142 0.8254313
0.1002166 0.8974560

0.1870555 0.0794807
0.1355184 0.1264350
0.1313081 0.2077395
0.1305528 0.2932141
0.1315775 0.3874505
0.1284541 0.4618785
0.1244722 0.5359317
0.1230388 0.6076755
0.1157397 0.6951093
0.1193579 0.7927593
0.0875165 0.8780963

0.1379600 0.0741426
0.1289107 0.1566298
0.1324061 0.2386370
0.1345415 0.3290491
0.1316883 0.4015672
0.1288710 0.4786637
0.1306075 0.5545798
0.1374501 0.6270218
0.1421341 0.7151246
0.1307498 0.7907621
0.1918201 0.8322542

0.2155065 0.1071112
0.1847057 0.1798485
0.1921126 0.2515230
0.2001048 0.3251007
0.2113565 0.4142966
0.2204017 0.5130488
0.2259349 0.6003818
0.2337105 0.6827370
0.2369114 0.7636019
0.2458367 0.8470927
0.1768011 0.8808297

0.2000360 0.0618273
0.1712553 0.1376012
0.1696654 0.2257532
0.1690904 0.2978719
0.1691546 0.3787614
0.1686635 0.4615630
0.1678842 0.5439853
0.1673602 0.6225900
0.1662568 0.7000546
0.1609657 0.7889988
0.1198370 0.8538046

0.1652554 0.0998742
0.1539276 0.1827609
0.1571498 0.2662964
0.1601107 0.3528865
0.1619219 0.4383409
0.1603919 0.5341236
0.1616717 0.6245424
0.1614897 0.7103941
0.1612898 0.7939565
0.1632755 0.8652920
0.1292821 0.9308049

0.1590003 0.0659648
0.1084685 0.1319890
0.1072058 0.2254802
0.1112448 0.3040492
0.1104267 0.3815115
0.1034037 0.4677984
0.1018440 0.5597658
0.1022536 0.6482836
0.0974372 0.7250143
0.0806767 0.8060358
0.0784001 0.8793126

0.1591328 0.0465044
0.1170784 0.1025416
0.1111421 0.1819519
0.1025398 0.2850397
0.0994823 0.3678614
0.0956681 0.4632804
0.0921152 0.5556450
0.0890518 0.6377037
0.0864720 0.7086934
0.0786117 0.7972762
0.0617495 0.8653257
0.1290515 0.9014269

0.2393857 0.1336328
0.2313989 0.2061912
0.2224511 0.3016505
0.2205009 0.3802664
0.2189048 0.4676553
0.2161741 0.5558163
0.2165413 0.6389927
0.2179983 0.7156741
0.2147871 0.8152855
0.2056809 0.8905236

0.2126368 0.1048443
0.1945633 0.2003752
0.1946783 0.2877507
0.1988487 0.3831071
0.2055316 0.4715758
0.2087506 0.5547298
0.2029100 0.6463492
0.1932394 0.7223548
0.1698958 0.8003754
0.1124137 0.8527182

0.2183622 0.0712225
0.1906593 0.1389753
0.1824384 0.2180219
0.1801853 0.2943509
0.1768753 0.3813717
0.1727038 0.4676362
0.1716453 0.5508238
0.1697224 0.6328735
0.1680397 0.7091980
0.1714332 0.7782331
0.1525685 0.8455351
0.1838547 0.9074833

0.1504877 0.0351255
0.1442840 0.1168273
0.1438648 0.2087856
0.1412061 0.3061034
0.1345580 0.4038340
0.1273067 0.4973722
0.1251915 0.5912517
0.1218518 0.6744572
0.0830343 0.7430605
0.1018062 0.8093040
0.1574733 0.8527462

0.1703339 0.1292142
0.1569979 0.2105904
0.1549731 0.2796680
0.1548450 0.3723872
0.1568576 0.4471565
0.1598126 0.5329835
0.1610056 0.6123379
0.1624688 0.6897823
0.1655891 0.7603458
0.1143626 0.8103501
0.1309189 0.8850053

0.1687802 0.0765716
0.1410595 0.1420353
0.1406193 0.2313229
0.1456424 0.3262911
0.1520793 0.4197219
0.1544789 0.5074610
0.1573320 0.5803159
0.1610168 0.6501119
0.1624351 0.7218333
0.1707573 0.8011318
0.1054918 0.8428520
0.1316689 0.9078928

0.1105291 0.0674898
0.0949866 0.1584222
0.0884950 0.2397447
0.0857377 0.3244718
0.0784476 0.4130502
0.0699630 0.4947698
0.0728433 0.5710585
0.0623955 0.6569907
0.0512367 0.7249954
0.0426953 0.7994660
0.0811589 0.8674627
0.1439401 0.9089411

0.2349982 0.0833018
0.2285361 0.1684396
0.2368313 0.2443042
0.2508360 0.3208872
0.2505938 0.3991082
0.2417187 0.4674764
0.2460453 0.5464246
0.2446386 0.6216023
0.2481157 0.7013203
0.2421163 0.7727184
0.1934832 0.8261362
0.1385017 0.8700651

0.1462444 0.1122332
0.1483199 0.1950147
0.1526977 0.2804489
0.1543136 0.3773516
0.1516549 0.4746693
0.1492005 0.5616835
0.1504624 0.6498131
0.1439379 0.7269387
0.1054116 0.7963028
0.1318860 0.8628674

0.2355228 0.1138222
0.1732747 0.1768857
0.1398147 0.2378157
0.0798845 0.3054400
0.0524884 0.3758614
0.0182514 0.4467181
0.0060807 0.5311377
0.0024562 0.6143455
0.0170168 0.6890162
0.0395021 0.7559936
0.0770324 0.8140771
0.1451272 0.8421594

0.1559292 0.0743831
0.0932313 0.1164648
0.0840833 0.1863614
0.0823439 0.2554368
0.0789804 0.3355900
0.0748212 0.4233806
0.0712324 0.5111668
0.0673196 0.5939953
0.0642263 0.6722386
0.0656659 0.7466309
0.0620143 0.8264048
0.0586000 0.9000720
0.1218797 0.9323892

0.1669575 0.0987162
0.1144655 0.1693345
0.0873543 0.2397536
0.0674087 0.3146952
0.0630063 0.4078296
0.0637910 0.5077912
0.0682949 0.6092499
0.0730420 0.7053648
0.0735991 0.7763300
0.0590212 0.8447430
0.0961038 0.9184739

0.2153389 0.0857453
0.1891698 0.1672221
0.1876815 0.2683462
0.1897060 0.3446416
0.1937596 0.4251182
0.1967204 0.5117083
0.1990898 0.5956321
0.2017146 0.6757384
0.2085719 0.7500881
0.2235636 0.8434519
0.2122000 0.9217601

0.1166765 0.0876641
0.1201630 0.1685267
0.1220163 0.2593225
0.1223209 0.3344868
0.1217401 0.4058424
0.1209879 0.4916985
0.1201998 0.5729762
0.1147532 0.6420806
0.0978968 0.7108931
0.0931044 0.7906760
0.0856707 0.8609408
0.1320230 0.9166658

0.1355820 0.0981993
0.1299099 0.1749366
0.1264346 0.2772210
0.1233232 0.3531752
0.1215807 0.4218690
0.1207686 0.5000944
0.1261615 0.5694954
0.1189978 0.6378502
0.1089915 0.7073720
0.1139757 0.7973802
0.1257111 0.8755072

0.1236742 0.0708207
0.1049259 0.1530024
0.1044918 0.2430531
0.1043849 0.3384431
0.1065893 0.4376304
0.1090669 0.5352895
0.1083656 0.6276316
0.1073762 0.7195945
0.1094639 0.8039021
0.1032427 0.8833147

0.1947134 0.0740789
0.1498251 0.1324276
0.1507390 0.2125473
0.1455226 0.3110297
0.1357346 0.4084034
0.1293358 0.5015534
0.1234475 0.5870683
0.1178295 0.6706732
0.1113080 0.7481804
0.1058675 0.8180479
0.0810235 0.8865415

0.1466935 0.0240902
0.1035913 0.0919639
0.1014252 0.1793573
0.1049447 0.2644167
0.1056663 0.3563662
0.1078228 0.4494490
0.1099912 0.5440580
0.1115864 0.6382899
0.1131006 0.7222205
0.1148162 0.7954659
0.1182608 0.8709870

0.0942679 0.0668543
0.1000981 0.1919591
0.0904127 0.2660570
0.0847617 0.3454651
0.0796961 0.4267764
0.0824081 0.5179471
0.0871881 0.6182589
0.0897623 0.6918791
0.0901000 0.7712402
0.1109698 0.8504402

0.1257273 0.0780541
0.0972201 0.1522998
0.0944628 0.2370269
0.0927323 0.3072469
0.0896030 0.3809119
0.0896346 0.4576045
0.0916115 0.5277953
0.0927268 0.5972299
0.0911971 0.6930125
0.0902228 0.7868831
0.0942797 0.8677412
0.1031005 0.9378784

0.1392542 0.0573439
0.1035845 0.1274487
0.1005600 0.2144673
0.0997150 0.2884958
0.0986417 0.3697758
0.0981621 0.4903514
0.0975634 0.5594178
0.0988585 0.6517443
0.1015224 0.7368105
0.1043787 0.8100469
0.0906473 0.8773086

0.1026766 0.0480921
0.0938616 0.1240910
0.0950398 0.2015377
0.0947742 0.2767064
0.0944906 0.3495859
0.0962242 0.4251204
0.1027968 0.4994724
0.1086036 0.5852770
0.1094337 0.6547138
0.1101135 0.7413217
0.1072544 0.8130768
0.0921211 0.8834020

0.1650250 0.0704962
0.1327894 0.1421002
0.1356576 0.2168627
0.1340378 0.3011994
0.1338799 0.3901033
0.1346014 0.4820527
0.1341313 0.5675251
0.1342017 0.6491776
0.1374089 0.7308055
0.1417389 0.8101353
0.1503553 0.8905761

0.1387130 0.0974116
0.1207513 0.1708114
0.1165680 0.2555497
0.1151197 0.3253859
0.1122575 0.3967594
0.1102449 0.4673632
0.1090452 0.5688666
0.1075453 0.6684646
0.1065350 0.7577568
0.1057440 0.8386529
0.1285261 0.9071543

0.1462280 0.0374483
0.0950090 0.0885972
0.0924889 0.1672176
0.0921597 0.2706220
0.0938753 0.3438674
0.0941651 0.4171239
0.0958837 0.4907508
0.0989893 0.5594066
0.1028598 0.6528576
0.1033023 0.7455723
0.1055733 0.8169056
0.0958702 0.8887143

0.1499981 0.0454314
0.0913137 0.0901524
0.0865122 0.1687907
0.0864928 0.2389973
0.0856629 0.3149335
0.0834070 0.3908810
0.0845703 0.4664200
0.0828400 0.5366400
0.0844801 0.6365949
0.0818307 0.7350573
0.0755826 0.8110361
0.0635683 0.8790474
0.1218408 0.9274293

0.1890081 0.1466193
0.1878508 0.2172163
0.1839494 0.3015709
0.1832180 0.3900977
0.1773983 0.4843878
0.1732927 0.5790460
0.1717207 0.6694873
0.1725717 0.7415947
0.1726419 0.8232473
0.1607112 0.9019415

0.0858990 0.0543286
0.0774710 0.1432974
0.0776314 0.2363959
0.0709715 0.3326004
0.0691267 0.4245700
0.0669459 0.5100558
0.0669655 0.5852223
0.0655084 0.6539139
0.0624811 0.7405509
0.0678681 0.8091888
0.1045667 0.8703314

0.2205918 0.1009664
0.1717710 0.1669770
0.1558714 0.2487549
0.1475420 0.3503142
0.1389037 0.4488236
0.1368790 0.5179012
0.1342623 0.6205604
0.1407292 0.7178065
0.1557002 0.8084995
0.1734479 0.8896318

0.1076227 0.0968925
0.1013922 0.1751604
0.1018137 0.2652044
0.1038954 0.3487489
0.1018947 0.4208788
0.0976876 0.5025649
0.0990881 0.5719972
0.1002993 0.6536408
0.0989828 0.7402644
0.0929929 0.8128072
0.0846977 0.8823156

0.1732802 0.0685237
0.1234631 0.1166091
0.1109348 0.1918740
0.1026992 0.2690130
0.0972495 0.3377360
0.0913283 0.4190540
0.0834050 0.4996246
0.0736779 0.5683811
0.0642390 0.6375169
0.0565201 0.7077839
0.0477715 0.7921766
0.0548845 0.8627087
0.1145499 0.9068825

0.1597233 0.0854185
0.1440789 0.1633788
0.1418049 0.2370370
0.1309428 0.3065655
0.1218966 0.3894342
0.1143242 0.4783963
0.0984639 0.5651341
0.0933294 0.6376701
0.0890415 0.7090548
0.0801909 0.7804754
0.0802016 0.8544972
0.1432620 0.8952104

0.1336764 0.0734131
0.0884881 0.1298565
0.0854726 0.2180197
0.0809743 0.2989450
0.0681461 0.3723045
0.0539909 0.4582658
0.0491687 0.5342334
0.0429536 0.6144090
0.0404877 0.6998971
0.0424797 0.7719956
0.0737602 0.8331806
0.1404261 0.8608926

0.1005202 0.1003822
0.0965023 0.1698570
0.0889778 0.2649236
0.0835462 0.3359357
0.0835508 0.4091945
0.0841138 0.4809227
0.0855203 0.5511181
0.0829009 0.6533958
0.0808368 0.7537613
0.0723822 0.8392964
0.0695682 0.9167744

0.1578536 0.0652107
0.1539254 0.1461315
0.1583362 0.2357626
0.1567672 0.3265853
0.1551773 0.4147373
0.1521167 0.4971775
0.1475674 0.5716168
0.1449783 0.6414619
0.1413744 0.7273404
0.1428346 0.8044033
0.1434095 0.8776577

0.1420970 0.0561770
0.0823227 0.1073930
0.0803700 0.1856274
0.0735364 0.2597030
0.0652800 0.3341713
0.0593230 0.4109109
0.0533241 0.4823091
0.0527854 0.5590062
0.0585655 0.6413770
0.0591915 0.7211174
0.0671510 0.7904982
0.0802555 0.8613648

0.1433792 0.0378522
0.0965936 0.1088073
0.0937673 0.1847592
0.0924898 0.2763427
0.0929293 0.3686759
0.0930597 0.4579591
0.0931751 0.5453347
0.0918497 0.6308137
0.0901642 0.7067567
0.0879414 0.7869010
0.0796522 0.8571725
0.1310597 0.9029373

0.2457303 0.0698632
0.2169704 0.1483078
0.2075758 0.2231665
0.2028368 0.3098170
0.1986622 0.3956999
0.2004943 0.4838251
0.2019903 0.5654664
0.1980441 0.6440980
0.1952027 0.7181423
0.1914639 0.7868518
0.1855036 0.8632098
0.1322453 0.9086514

0.0560974 0.0000000
0.0563752 0.0717304
0.0531165 0.1652373
0.0477778 0.2480770
0.0290598 0.3340741
0.0050501 0.3998904
0.0014915 0.4914918
0.0034716 0.5620643
0.0139794 0.6653836
0.0385118 0.7388313
0.0793467 0.8182561
0.1106301 0.8798227

0.2441927 0.0920055
0.2376288 0.1641711
0.2323433 0.2538783
0.2256649 0.3477936
0.2192897 0.4439958
0.2140193 0.5356107
0.2129217 0.6138383
0.2139192 0.7046410
0.2141757 0.7737007
0.2167465 0.8469394
0.1836084 0.9124455

0.1048674 0.0728760
0.0991415 0.1427458
0.0893176 0.2355411
0.0836696 0.3153307
0.0794056 0.3897677
0.0632243 0.4719293
0.0470550 0.5556172
0.0360340 0.6411723
0.0290114 0.7274592
0.0404469 0.8036808
0.0819485 0.8590622

0.1118255 0.0873206
0.1030494 0.1682794
0.0954470 0.2534261
0.0931463 0.3236506
0.0934241 0.3953810
0.0931195 0.4655898
0.0901969 0.5655805
0.0895197 0.6609750
0.0916463 0.7502425
0.0890784 0.8227584
0.1010362 0.8928709

0.1377984 0.0535398
0.1040890 0.1190505
0.0978766 0.1996076
0.0986551 0.2988062
0.1037203 0.3991158
0.1021396 0.4884124
0.0972783 0.5594200
0.0934252 0.6498792
0.0914486 0.7250613
0.0858427 0.8101924
0.0724175 0.8801226
0.1219036 0.9354415

0.1253067 0.0971352
0.1251727 0.1890914
0.1237902 0.2673213
0.1218494 0.3470818
0.1265185 0.4332769
0.1363446 0.5224840
0.1449761 0.6048325
0.1461452 0.6811346
0.1432740 0.7513635
0.1418976 0.8303565
0.1364539 0.8998425

0.1372041 0.0504920
0.1283650 0.1234386
0.1227708 0.2100958
0.1195657 0.3104703
0.1209205 0.4104275
0.1173436 0.4997398
0.1091380 0.5806941
0.1077557 0.6589240
0.1065926 0.7287580
0.0960040 0.7967582
0.1452140 0.8532239

0.0948712 0.0710467
0.0909103 0.1477706
0.0967352 0.2358644
0.0982974 0.3258995
0.0965969 0.3999348
0.0972228 0.4796752
0.0941234 0.5571555
0.0892951 0.6323600
0.0873125 0.7067791
0.0865395 0.7899644
0.0857126 0.8662822
0.1329144 0.9212375

0.1506021 0.1587489
0.1241989 0.2467140
0.1121901 0.3154884
0.1116662 0.3940932
0.1312691 0.4935256
0.1438212 0.5666859
0.1330610 0.6491865
0.1219169 0.7190988
0.1085395 0.7951336
0.1051310 0.8695638

0.1487884 0.1820381
0.0709526 0.2211861
0.0405214 0.3046043
0.0255467 0.3951507
0.0097795 0.4937161
0.0093339 0.5822407
0.0000000 0.6647302
0.0035198 0.7497897
0.0481824 0.8081987
0.1209388 0.8488357

0.1694531 0.0532914
0.1623250 0.1262246
0.1619207 0.2200907
0.1579027 0.2895655
0.1556107 0.3609345
0.1547327 0.4307662
0.1549167 0.5269170
0.1521772 0.6139333
0.1488584 0.6998096
0.1497842 0.7814554
0.1517999 0.8566062
0.1074506 0.9107537

0.1735525 0.1032432
0.1807072 0.1791167
0.1864959 0.2626322
0.1928399 0.3442355
0.1957378 0.4228134
0.1957691 0.4995060
0.1946417 0.5739183
0.1929320 0.6468090
0.1923450 0.7174016
0.1855741 0.7994893
0.1669946 0.8667890
0.1909352 0.9375707
0.1609102 1.0000000

0.1608948 0.0529770
0.0962036 0.0954559
0.0845249 0.1699510
0.0805101 0.2398073
0.0814212 0.3195455
0.0828966 0.3985161
0.0860651 0.4751841
0.0880689 0.5488087
0.0906101 0.6182321
0.0924067 0.7017788
0.0943715 0.7704436
0.0953305 0.8562863
0.1032809 0.9245225
