0.9735576 0.1891234
0.9426965 0.1340972
0.8730608 0.1327277
0.7914103 0.1342911
0.7260393 0.1351003
0.6616076 0.1352711
0.5995336 0.1351086
0.5353236 0.1333835
0.4645078 0.1320244
0.3887383 0.1310188
0.3110808 0.1300278
0.2352897 0.1261810
0.1613723 0.1204257
0.0879437 0.1168774
0.0187750 0.1148758

0.9668805 0.1800165
0.9184999 0.1491206
0.8505258 0.1490017
0.7663198 0.1559525
0.7059170 0.1583031
0.6449968 0.1546583
0.5845510 0.1513258
0.5236356 0.1483129
0.4610967 0.1491015
0.3962050 0.1508555
0.3310797 0.1529272
0.2666409 0.1521521
0.2083286 0.1500676
0.1410385 0.1467883
0.0772790 0.1422194
0.0000000 0.1289119

0.0604761 0.1050865
0.1399668 0.0988001
0.2069851 0.0973450
0.2829931 0.0986639
0.3665581 0.1005574
0.4515343 0.1018091
0.5355641 0.1027525
0.6207786 0.1043188
0.7055069 0.1039946
0.7897726 0.1049373
0.8636541 0.1059586
0.9216995 0.1039420
0.9778905 0.0750995

0.9372871 0.1679248
0.8757021 0.1387073
0.8039900 0.1436691
0.7470295 0.1330473
0.6778586 0.1307277
0.6205905 0.1418963
0.5513149 0.1569450
0.4718530 0.1670188
0.4085871 0.1652870
0.3422364 0.1613684
0.2775449 0.1583848
0.2095301 0.1529004
0.1419849 0.1470969
0.0751405 0.1403411
0.0115882 0.1319816

0.9497552 0.1312021
0.8720906 0.1292616
0.7859583 0.1311746
0.7205826 0.1313523
0.6578029 0.1315107
0.5735277 0.1293056
0.5154586 0.1281657
0.4543334 0.1286280
0.3925072 0.1300430
0.3311460 0.1305074
0.2697799 0.1303405
0.2107620 0.1285771
0.1286203 0.1276208
0.0710111 0.1248999
0.0130965 0.1130243

0.9075979 0.2057247
0.8344272 0.2050136
0.7612397 0.2020926
0.6979453 0.1965709
0.6376713 0.1847113
0.5731658 0.1750943
0.5050202 0.1835036
0.4307625 0.1951170
0.3623882 0.2044758
0.2856773 0.2037934
0.2195818 0.2023994
0.1622664 0.2072544
0.1035914 0.1884375
0.0311668 0.1927758

0.0732922 0.1144623
0.1546972 0.1116349
0.2247787 0.1095250
0.3064294 0.1079594
0.3975321 0.1079014
0.4905157 0.1068823
0.5816018 0.1046149
0.6710525 0.1045706
0.7602601 0.1035812
0.8431098 0.1045348
0.9122902 0.1081179
0.9816686 0.1066476

0.0604703 0.0731943
0.1280779 0.0872069
0.1892177 0.0886382
0.2605009 0.0893613
0.3384042 0.0916133
0.4163122 0.0944972
0.4875786 0.0930108
0.5475287 0.0931891
0.6207047 0.0945307
0.6852080 0.1038321
0.7530559 0.1184766
0.8256071 0.1308754
0.8936170 0.1357303
0.9506421 0.1236170

0.0431902 0.0976393
0.1133245 0.1024755
0.1883742 0.1019067
0.2480954 0.1030331
0.3123080 0.1050730
0.3795886 0.1070899
0.4466355 0.1094245
0.5080207 0.1121179
0.5809654 0.1140926
0.6396805 0.1070179
0.6995996 0.1030919
0.7623841 0.1035652
0.8237574 0.1046808
0.8891474 0.1063979
0.9479103 0.1056390

0.0271791 0.0715522
0.0814518 0.1011383
0.1637770 0.0951463
0.3027936 0.0953563
0.3872907 0.0956640
0.4640091 0.0972940
0.5355402 0.0995950
0.5976143 0.0997574
0.6559052 0.0990012
0.7182321 0.1013724
0.7928288 0.1033354
0.8563308 0.1050666
0.9148744 0.1065196
0.9723787 0.0953500

0.0273936 0.0687087
0.0905962 0.0931748
0.1533425 0.0885943
0.2345283 0.0879792
0.2975489 0.0884492
0.3669441 0.0891869
0.4398817 0.0902139
0.5088095 0.0915872
0.5694772 0.0930232
0.6350962 0.0937904
0.7056690 0.0942047
0.7840394 0.0958234
0.8593274 0.0955710
0.9211751 0.0969992
0.9757950 0.0789045

0.0511077 0.1146305
0.1200068 0.1122136
0.1785313 0.1111385
0.2439095 0.1112747
0.3121174 0.1110740
0.3803324 0.1118207
0.4469121 0.1147904
0.5118398 0.1177728
0.5760474 0.1191820
0.6390965 0.1234421
0.7012111 0.1289725
0.7602529 0.1338947
0.8428831 0.1370603
0.9084686 0.1334080
0.9668026 0.1070754

0.9594786 0.1687048
0.8937551 0.1540437
0.8283866 0.1551683
0.7488531 0.1557686
0.6652932 0.1545050
0.6077033 0.1543085
0.5501110 0.1537965
0.4920348 0.1517095
0.4337250 0.1499401
0.3758895 0.1484831
0.3178156 0.1467123
0.2599753 0.1446242
0.2028383 0.1418993
0.1180647 0.1362265
0.0356559 0.1311675

0.0693294 0.0898627
0.1467104 0.0854869
0.2186968 0.0855730
0.2980138 0.0874984
0.3560783 0.0880061
0.4160356 0.0891312
0.4776401 0.0896126
0.5394855 0.0907238
0.6003915 0.0924738
0.6598863 0.0948662
0.7191308 0.0953661
0.7767280 0.0965101
0.8546288 0.0984484
0.9235756 0.1023491
0.9788821 0.0814074

0.0722907 0.1068915
0.1296160 0.1032993
0.2034737 0.1011608
0.2889100 0.1008294
0.3519282 0.1009839
0.4142383 0.1011439
0.4737092 0.1003783
0.5509044 0.1026365
0.6118462 0.1091228
0.6848314 0.1164656
0.7601432 0.1193704
0.8319102 0.1216706
0.8984802 0.1233788

0.0305263 0.0772106
0.0939697 0.1023065
0.1602536 0.0973833
0.2421523 0.0973944
0.2997423 0.0975898
0.3828209 0.0975925
0.4585858 0.0979666
0.5289344 0.0999607
0.5983295 0.1006993
0.6592117 0.0992920
0.7293267 0.1016044
0.7878607 0.1017941
0.8471028 0.1019786
0.9112938 0.1011786
0.9695970 0.0707413

0.0680235 0.1043978
0.1342931 0.0975801
0.2060147 0.0938789
0.2883902 0.0945181
0.3733640 0.0954537
0.4555010 0.0957795
0.5315138 0.0977309
0.5950040 0.0978825
0.6589757 0.0992938
0.7257866 0.1016311
0.8017993 0.1035835
0.8737928 0.1046191
0.9346798 0.1038442

0.0572127 0.1104793
0.1143092 0.1078360
0.1884029 0.1056957
0.2728831 0.1037927
0.3337629 0.1020687
0.3979468 0.1003199
0.4637994 0.1007690
0.5289488 0.1018552
0.5905652 0.1039156
0.6484008 0.1053732
0.7305377 0.1057002
0.8072584 0.1076472
0.8698188 0.1097013
0.9281216 0.1105247

0.0222038 0.0690638
0.0809870 0.1020891
0.1465486 0.0952768
0.2267856 0.0940373
0.2843828 0.0951800
0.3426977 0.0975804
0.4000565 0.0984093
0.4838598 0.1006173
0.5615270 0.1028720
0.6240660 0.1020836
0.6892082 0.1022231
0.7475063 0.1024144
0.8046290 0.1032463
0.8674040 0.1024569
0.9252396 0.1039153
0.9769679 0.0779484

0.9752886 0.1682699
0.9306317 0.1303989
0.8718736 0.1317894
0.7937489 0.1314315
0.7340325 0.1309350
0.6693648 0.1311076
0.6018626 0.1309860
0.5343653 0.1314962
0.4652039 0.1304403
0.3941497 0.1287675
0.3233387 0.1280404
0.2527517 0.1257330
0.1821551 0.1221628
0.1113177 0.1179632
0.0385970 0.1144097

0.0251700 0.0867241
0.0847415 0.0992188
0.1491518 0.0962044
0.2246592 0.0937377
0.3037018 0.0906130
0.3825276 0.0900163
0.4623046 0.0903601
0.5352493 0.0923346
0.5947584 0.0966213
0.6568326 0.0967838
0.7354462 0.0993478
0.7991818 0.1007613
0.8678855 0.1037164
0.9370779 0.1088783

0.9451398 0.1451305
0.8816379 0.1433990
0.7980780 0.1421349
0.7378825 0.1406947
0.6632931 0.1396791
0.6016744 0.1373028
0.5244769 0.1347286
0.4668918 0.1351640
0.4019737 0.1334448
0.3335084 0.1308053
0.2673864 0.1259379
0.2057461 0.1207210
0.1304174 0.1156081
0.0702050 0.1119596
0.0130750 0.1101825

0.9785664 0.1647717
0.9205382 0.1377377
0.8634298 0.1387999
0.7994487 0.1361250
0.7390267 0.1359496
0.6778848 0.1342009
0.6202830 0.1324257
0.5579443 0.1284761
0.4870951 0.1226964
0.4115567 0.1210574
0.3362520 0.1191012
0.2644754 0.1155397
0.1981102 0.1097271
0.1263167 0.1039558
0.0554888 0.1010194

0.0215940 0.0820148
0.0805700 0.1093549
0.1570309 0.1081438
0.2191003 0.1076735
0.2858969 0.1081149
0.3522311 0.1098230
0.4121931 0.1115796
0.4846658 0.1135576
0.5535912 0.1146153
0.6312535 0.1162388
0.7162415 0.1190703
0.7752833 0.1239925
0.8558205 0.1312789
0.9249985 0.1345464
0.9817063 0.1429603

0.9860111 0.1817669
0.9462627 0.1375437
0.8889136 0.1379762
0.8091130 0.1344732
0.7489223 0.1336645
0.6880163 0.1319140
0.6285383 0.1317318
0.5688148 0.1302885
0.5057991 0.1304491
0.4399538 0.1309471
0.3759773 0.1289050
0.2850772 0.1245409
0.2019461 0.1175921
0.1308750 0.1137100
0.0690130 0.1103898
0.0099829 0.1070483

0.9481770 0.1410027
0.8766485 0.1390160
0.7975845 0.1392967
0.7390458 0.1384755
0.6545537 0.1387978
0.5679257 0.1375578
0.5046621 0.1361415
0.4390336 0.1341117
0.3743444 0.1314435
0.3134169 0.1268524
0.2546110 0.1219297
0.1740855 0.1162244
0.0956911 0.1114506
0.0177855 0.1088837

0.9658273 0.1342385
0.8914572 0.1310101
0.8145244 0.1322221
0.7319204 0.1325298
0.6577934 0.1302477
0.5820287 0.1298729
0.5237379 0.1306292
0.4618998 0.1304653
0.3979377 0.1303177
0.3327837 0.1286004
0.2683304 0.1259307
0.2036244 0.1210529
0.1401056 0.1171135
0.0798931 0.1134650
0.0218143 0.1110635

0.0578585 0.1022645
0.1345410 0.0991570
0.2228022 0.0978567
0.2907813 0.0986049
0.3608820 0.0990215
0.4302795 0.1000753
0.4949545 0.1008492
0.5626856 0.1000214
0.6209860 0.1005281
0.6823593 0.1016433
0.7425478 0.1021361
0.8124148 0.1028718
0.8737833 0.1033561
0.9334950 0.1032216

0.0333259 0.1040294
0.0900940 0.1203345
0.1679374 0.1146922
0.2668044 0.1114171
0.3423308 0.1114768
0.4223318 0.1102399
0.4966638 0.1084146
0.5594197 0.1050983
0.6179704 0.1074977
0.6891868 0.0993814
0.7531585 0.1007929
0.8213925 0.1040671
0.8830494 0.1114961
0.9350280 0.0874217

0.0391914 0.0683034
0.1068422 0.0879994
0.1831007 0.0912106
0.2463693 0.0932575
0.3181436 0.0965032
0.3941588 0.0987697
0.4685195 0.1007333
0.5346057 0.1008651
0.6084801 0.1009383
0.6660797 0.1023978
0.7301015 0.1104400
0.7990507 0.1146560
0.8564213 0.1170650
0.9198995 0.1156389

0.0716727 0.0876345
0.1380428 0.0940782
0.2159748 0.1001188
0.2764208 0.1034501
0.3437110 0.1067299
0.4126484 0.1093658
0.4792233 0.1117041
0.5391805 0.1128296
0.6118725 0.1125960
0.6692312 0.1134258
0.7344521 0.1239850
0.7975297 0.1320345
0.8629507 0.1378562
0.9230081 0.1209835

0.0441763 0.0720548
0.1041744 0.0785467
0.1858490 0.0801380
0.2505313 0.0818584
0.3225392 0.0847866
0.3987952 0.0876829
0.4707936 0.0893486
0.5343005 0.0917103
0.6084253 0.0936761
0.6665040 0.0960793
0.7250738 0.1010050
0.7977992 0.1051925
0.8716926 0.1077926
0.9290347 0.1064128

0.0422390 0.0966992
0.1196727 0.0992697
0.1965769 0.0942662
0.2605511 0.0959920
0.3297222 0.0983101
0.3998420 0.1012528
0.4635682 0.1014023
0.5332088 0.1034018
0.5960220 0.1076635
0.6527848 0.1233387
0.7170425 0.1313791
0.7791499 0.1359624
0.8471669 0.1417645
0.9099513 0.1422382

0.9676317 0.1544339
0.9059988 0.1501621
0.8449022 0.1544122
0.7828306 0.1545648
0.7231382 0.1572258
0.6592000 0.1602348
0.5896049 0.1642340
0.5096018 0.1651545
0.4236843 0.1642255
0.3613552 0.1615395
0.2976053 0.1582329
0.2368804 0.1492198
0.1766250 0.1398876
0.1074086 0.1315708

0.0245471 0.0668357
0.0853634 0.0878465
0.1655884 0.0850280
0.2330812 0.0838852
0.3126318 0.0854931
0.4020921 0.0867106
0.4976815 0.0869349
0.5920956 0.0878000
0.6815535 0.0887030
0.7658026 0.0874354
0.8422707 0.0871741
0.9050482 0.0867005
0.9654774 0.0878237

0.0308078 0.0832080
0.1006329 0.1095185
0.1794442 0.1070266
0.2440977 0.1049580
0.3165369 0.1025149
0.3908762 0.1016365
0.4548336 0.1011526
0.5379146 0.1014717
0.6058912 0.1019052
0.6762923 0.1108463
0.7346261 0.1157738
0.7955559 0.1206819
0.8685648 0.1311828
0.9353660 0.1322578

0.0390297 0.0780934
0.0944728 0.1064076
0.1659537 0.1020766
0.2263734 0.1019346
0.2910484 0.1027078
0.3580786 0.1028319
0.4206152 0.1017272
0.4982180 0.0954565
0.5614674 0.0949783
0.6221470 0.0979932
0.6792125 0.0912468
0.7352697 0.1072433
0.7966477 0.1089903
0.8684243 0.1125537
0.9320956 0.1054425

0.0281638 0.0769127
0.0892472 0.1020265
0.1661633 0.0986016
0.2294008 0.0965437
0.2940615 0.0954224
0.3584909 0.0949347
0.4222099 0.0941368
0.4854713 0.0952371
0.5449518 0.0957347
0.6141085 0.0961593
0.6731432 0.1001341
0.7348406 0.1129303
0.7918370 0.1282883
0.8530409 0.1382467
0.9113197 0.1359126
0.9647024 0.1102489

0.0376424 0.0818931
0.0991211 0.0968994
0.1791053 0.0934513
0.2584055 0.0931663
0.3417369 0.0953773
0.4005046 0.0952483
0.4609291 0.0957385
0.5180400 0.0949908
0.5895472 0.0941346
0.6497214 0.0927326
0.7142248 0.1020342
0.7716050 0.1057059
0.8386590 0.1089891
0.9028596 0.1094521
0.9485711 0.0680580

0.0616010 0.0978154
0.1232295 0.1014531
0.2110019 0.0979461
0.2794411 0.0971120
0.3556756 0.0971664
0.4304892 0.0966003
0.4979987 0.0976685
0.5567783 0.0991187
0.6214485 0.0992615
0.6798085 0.1076621
0.7395941 0.1173151
0.8075850 0.1196438
0.8770181 0.1254353
0.9480103 0.1189004

0.0426488 0.0884862
0.1007612 0.0953081
0.1823999 0.0921633
0.2468389 0.0929382
0.3108083 0.0940326
0.3761793 0.0932220
0.4380080 0.0921227
0.5121136 0.0915622
0.5694772 0.0930232
0.6303904 0.0957205
0.7035807 0.0989569
0.7767494 0.0993518
0.8412003 0.1017073
0.9002278 0.1047355
0.9630222 0.0752116

0.9847549 0.1716719
0.9522965 0.1239203
0.8772684 0.1273280
0.8175663 0.1287257
0.7474848 0.1308335
0.6752745 0.1323260
0.6016243 0.1306721
0.5244340 0.1290451
0.4465452 0.1286869
0.3710356 0.1308370
0.3011805 0.1316815
0.2400290 0.1286712
0.1665764 0.1219651
0.1056297 0.1148487
0.0459156 0.1146699

0.9237039 0.1506602
0.8540563 0.1477120
0.7733428 0.1483211
0.6900308 0.1486344
0.6154151 0.1441458
0.5573365 0.1417428
0.4940825 0.1415895
0.4131185 0.1403073
0.3552830 0.1388503
0.2950898 0.1377272
0.2358096 0.1324924
0.1786557 0.1275573
0.1082928 0.1236699
0.0450267 0.1219393

0.9514763 0.1403463
0.8879505 0.1354573
0.8209252 0.1359629
0.7399636 0.1349952
0.6608829 0.1330663
0.5959578 0.1303991
0.5366943 0.1273736
0.4680264 0.1291559
0.3882520 0.1291279
0.3058815 0.1291198
0.2262952 0.1227757
0.1658086 0.1140768
0.1017818 0.1054049
0.0401772 0.1049247

0.0607576 0.1110839
0.1395402 0.1048029
0.2232981 0.1010106
0.2898564 0.1011380
0.3594827 0.1012425
0.4267394 0.1001021
0.4906968 0.0996183
0.5482749 0.0982357
0.6127091 0.0983803
0.6714577 0.0957261
0.7477065 0.0976764
0.8095446 0.0978412
0.8680715 0.0970839
0.9256782 0.0994913

0.0269575 0.0734484
0.0730227 0.1100436
0.1355377 0.1060963
0.2218701 0.0994426
0.2872316 0.0973687
0.3542571 0.0968613
0.4203314 0.0954140
0.4826464 0.0962058
0.5562991 0.0981750
0.6245046 0.0976596
0.6919854 0.0949395
0.7682437 0.0981529
0.8331475 0.0979789
0.8942729 0.0975178
0.9600731 0.0910221

0.0337992 0.0730808
0.1048020 0.0990667
0.1866575 0.0933941
0.2534518 0.0935196
0.3226038 0.0933117
0.3905637 0.0915343
0.4542828 0.0907365
0.5142257 0.0899674
0.5949467 0.0903046
0.6544224 0.0901710
0.7198340 0.0947292
0.7946763 0.0979534
0.8548862 0.1012883
0.9181570 0.1036530
0.9792276 0.0959299

0.0338735 0.0828690
0.0931238 0.1152593
0.1534861 0.1075391
0.2318063 0.1025250
0.3082576 0.1000514
0.3795193 0.0979332
0.4470072 0.0961595
0.5114247 0.0940936
0.5760878 0.0932890
0.6449870 0.0908738
0.7124869 0.0906798
0.7806829 0.0889019
0.8536252 0.0905618
0.9197352 0.0938524
0.9824127 0.0801177

0.0333727 0.0790836
0.0975097 0.1022796
0.1762900 0.0956830
0.2421307 0.0945526
0.3119955 0.0949709
0.3787826 0.0941496
0.4410832 0.0930467
0.5154225 0.0921687
0.5826864 0.0919761
0.6504175 0.0911485
0.7179341 0.0931647
0.7970078 0.0941467
0.8638092 0.0952215
0.9317906 0.0962876
0.9915931 0.0768908

0.0541327 0.1089238
0.1289080 0.1033047
0.2145229 0.0953933
0.2796508 0.0936370
0.3469075 0.0924962
0.4141714 0.0923030
0.4774065 0.0899301
0.5505610 0.0884297
0.6093144 0.0864068
0.6711526 0.0865712
0.7386859 0.0907977
0.8031248 0.0915744
0.8611750 0.0901891
0.9197472 0.0954311
0.9769774 0.0792114

0.0533624 0.1007198
0.1192677 0.1081142
0.1961719 0.1031107
0.2570612 0.1026495
0.3207946 0.1037457
0.3847663 0.1051561
0.4461348 0.1056391
0.5249677 0.1059902
0.5941244 0.1064148
0.6489943 0.0902120
0.7122890 0.0957335
0.7776982 0.0999762
0.8523068 0.1035181
0.9129840 0.1062181
0.9759711 0.1022698

0.0405380 0.0591360
0.0954613 0.0811389
0.1553924 0.0787900
0.2361086 0.0784942
0.2953412 0.0774141
0.3564690 0.0772671
0.4183192 0.0790095
0.4803934 0.0791715
0.5587496 0.0788948
0.6175388 0.0816082
0.6779633 0.0820990
0.7426550 0.0850840
0.8049724 0.0861924
0.8743698 0.0872477
0.9385776 0.0886580

0.0666481 0.1097762
0.1258926 0.1102744
0.2096266 0.1033245
0.2742992 0.1037820
0.3399110 0.1036010
0.4043404 0.1031134
0.4664098 0.1026439
0.5239998 0.1028399
0.5957526 0.1032449
0.6554642 0.1031095
0.7272456 0.1073039
0.8011247 0.1080093
0.8662645 0.1078335
0.9288034 0.1070461
0.9807749 0.0820246

0.0597250 0.0994085
0.1173222 0.1005506
0.1944409 0.0927036
0.2550823 0.0906654
0.3195166 0.0908090
0.3851308 0.0909439
0.4493267 0.0907740
0.5080944 0.0906453
0.5789007 0.0907416
0.6376613 0.0896661
0.6971775 0.0949003
0.7604436 0.0966330
0.8241650 0.0961521
0.8928545 0.0972127
0.9499868 0.0993080

0.0451419 0.0748894
0.0995644 0.0931068
0.1660724 0.0866032
0.2250522 0.0833145
0.2925402 0.0815403
0.3602881 0.0829220
0.4289633 0.0820866
0.4941080 0.0825412
0.5726858 0.0803683
0.6321544 0.0792874
0.6989654 0.0816247
0.7626964 0.0824066
0.8410550 0.0824467
0.9194016 0.0809085

0.9815175 0.1805377
0.9485371 0.1261590
0.8869684 0.1304125
0.8073871 0.1246975
0.7469413 0.1213646
0.6860496 0.1215086
0.6272796 0.1213210
0.5670840 0.1198813
0.5042900 0.1181457
0.4372359 0.1148636
0.3694810 0.1125344
0.3031372 0.1095632
0.2405720 0.1068793
0.1796491 0.1029201
0.1187287 0.0992769
0.0566330 0.0962743

0.0391542 0.0945122
0.1145261 0.1053083
0.1947200 0.0983852
0.2560837 0.0982361
0.3202819 0.0983816
0.3868330 0.0975621
0.4517297 0.0964396
0.5131078 0.0981858
0.5895663 0.0966605
0.6492637 0.0946307
0.7076309 0.1039786
0.7850430 0.1037099
0.8586718 0.1025228
0.9242860 0.1026595
0.9846295 0.0924158

0.0255486 0.0744064
0.0830967 0.1001785
0.1517551 0.0971320
0.2336441 0.0958800
0.3188516 0.0964978
0.4021590 0.0955515
0.4812304 0.0962165
0.5536959 0.0972474
0.6112764 0.0961807
0.6688331 0.0919567
0.7415751 0.0983543
0.8078950 0.0981694
0.8709036 0.0970625
0.9416718 0.0921081

0.0308078 0.0832080
0.0941817 0.0991472
0.1580913 0.0923475
0.2343258 0.0924014
0.3162340 0.0936757
0.3990814 0.0943118
0.4783887 0.0949749
0.5525087 0.0963091
0.6256894 0.0982822
0.7016950 0.0992869
0.7802967 0.1002723
0.8579519 0.1009494
0.9226459 0.1042507
0.9822409 0.0886446

0.0658515 0.0980989
0.1617151 0.1033718
0.2209500 0.1026072
0.2811242 0.1012042
0.3422519 0.1010571
0.4040829 0.1002735
0.4673228 0.0985320
0.5312635 0.0958382
0.5935641 0.0947357
0.6558886 0.0967910
0.7160842 0.0982310
0.7965643 0.0979392
0.8555347 0.0933893

0.9441554 0.1397699
0.8662428 0.1362526
0.7834052 0.1368776
0.7210880 0.1357692
0.6582988 0.1346646
0.5938576 0.1335726
0.5275402 0.1340739
0.4612205 0.1342596
0.3956135 0.1350717
0.3316586 0.1358715
0.2721687 0.1341116
0.1923368 0.1265064
0.1307013 0.1219212
0.0719264 0.1211037
0.0128797 0.1155520

0.9671209 0.2119070
0.9135959 0.1873651
0.8397409 0.1898168
0.7620979 0.1907185
0.6808123 0.1780701
0.5993503 0.1733176
0.5140907 0.1657521
0.4571754 0.1611303
0.3747429 0.1529125
0.2930566 0.1497417
0.2111200 0.1446785
0.1019900 0.1328749
0.0250069 0.1274591

0.9413804 0.1473692
0.8719808 0.1459980
0.8125076 0.1464467
0.7518115 0.1412210
0.6793342 0.1386107
0.6033765 0.1439210
0.5321437 0.1498274
0.4453584 0.1590093
0.3802284 0.1604494
0.3110647 0.1590783
0.2397483 0.1539346
0.1665294 0.1469109
0.0952129 0.1417677
0.0286213 0.1372204

0.9824805 0.1830566
0.9298019 0.1455619
0.8569075 0.1502167
0.7955701 0.1538371
0.7333316 0.1631484
0.6701254 0.1693094
0.5951142 0.1749284
0.5265061 0.1846042
0.4460908 0.1934222
0.3818738 0.1907504
0.3131296 0.1824293
0.2451078 0.1759975
0.1772860 0.1648280
0.1132474 0.1545774
0.0530207 0.1490345

0.0280212 0.0892286
0.0982728 0.1095364
0.1732818 0.1035999
0.2320351 0.1015759
0.2950605 0.1026775
0.3583194 0.1034617
0.4196903 0.1042603
0.4789348 0.1047595
0.5528235 0.1067270
0.6111239 0.1072337
0.6798395 0.1117668
0.7390983 0.1141612
0.8198263 0.1154465
0.8920462 0.1152174
0.9509879 0.1068788

0.0318370 0.0633069
0.0832968 0.0954405
0.1552640 0.0930004
0.2159198 0.0928566
0.2832004 0.0948731
0.3542476 0.0955983
0.4264700 0.0956834
0.4949210 0.0964287
0.5527495 0.0969388
0.6311104 0.0972939
0.7078145 0.0970303
0.7892101 0.0929424
0.8566933 0.0905387
0.9194992 0.0938541
0.9871157 0.1091326

0.9524369 0.1425494
0.8830420 0.1418096
0.8047123 0.1455582
0.7230499 0.1455431
0.6565109 0.1479402
0.5946920 0.1503019
0.5368709 0.1507389
0.4532895 0.1466345
0.3890651 0.1430154
0.3208335 0.1400584
0.2516530 0.1364773
0.1815285 0.1329036
0.1132967 0.1299473
0.0476634 0.1272873

0.0593559 0.1129892
0.1232918 0.1096625
0.2075360 0.1077611
0.2717199 0.1060119
0.3401614 0.1054937
0.4095612 0.1068631
0.4765962 0.1076191
0.5360814 0.1087481
0.6170479 0.1103466
0.6954087 0.1107019
0.7657787 0.1155386
0.8245988 0.1223573
0.8892784 0.1237640
0.9516194 0.1280303
1.0000000 0.1589264

0.0427494 0.1017476
0.1145763 0.1119390
0.1960100 0.1129006
0.2583297 0.1143232
0.3244207 0.1150858
0.3919253 0.1155222
0.4596659 0.1159570
0.5271753 0.1170253
0.5932639 0.1174731
0.6598268 0.1182333
0.7252073 0.1186868
0.7929527 0.1197542
0.8628197 0.1204901
0.9303266 0.1212441
0.9935926 0.1229775

0.9672882 0.1714878
0.9153628 0.1399870
0.8473791 0.1386052
0.7643079 0.1395479
0.6888054 0.1426441
0.6248553 0.1440744
0.5462610 0.1440369
0.4844206 0.1435571
0.4216386 0.1434005
0.3614550 0.1435401
0.3040891 0.1417640
0.2263957 0.1360371
0.1637994 0.1292487
0.0998277 0.1278390
0.0356080 0.1248526

0.9201183 0.1759484
0.8507809 0.1515259
0.7926999 0.1488065
0.7272527 0.1395119
0.6680060 0.1386962
0.6020153 0.1511938
0.5208274 0.1514917
0.4363473 0.1533937
0.3773485 0.1541559
0.3166834 0.1530362
0.2564783 0.1503344
0.1934387 0.1473385
0.1320680 0.1465406
0.0714076 0.1460531
0.0055431 0.1440266

0.0653292 0.0914718
0.1444580 0.0997134
0.2029778 0.0980069
0.2676480 0.0981486
0.3351431 0.0973218
0.4040662 0.0980632
0.4718116 0.0991296
0.5379122 0.1011559
0.6040151 0.1034982
0.6712837 0.1039373
0.7380851 0.1050117
0.8008672 0.1051693
0.8591581 0.1044137
0.9242551 0.0985548
0.9925105 0.1046712

0.0272749 0.0841821
0.0642460 0.1353714
0.1291378 0.1336164
0.1883582 0.1309572
0.2539700 0.1307760
0.3207689 0.1315332
0.3885095 0.1319678
0.4541212 0.1317872
0.5152417 0.1306935
0.5766030 0.1302296
0.6353682 0.1297856
0.7125370 0.1285712
0.7767208 0.1268236
0.8350449 0.1304884
0.9065544 0.1299490
0.9686189 0.1288495

0.9701060 0.1695720
0.9087523 0.1397211
0.8394217 0.1475067
0.7771617 0.1539761
0.7181511 0.1531585
0.6492759 0.1587309
0.5912140 0.1585381
0.5255880 0.1568238
0.4531108 0.1542142
0.3747166 0.1494393
0.2923080 0.1443793
0.2051648 0.1374610
0.1430381 0.1303534
0.0639047 0.1214803
0.0038492 0.1074106

0.0228951 0.0668482
0.0889178 0.0897141
0.1719749 0.0868742
0.2368884 0.0879613
0.3041523 0.0877677
0.3723722 0.0891459
0.4403585 0.0908418
0.5076343 0.0922276
0.5730292 0.0945752
0.6351225 0.0972636
0.6943717 0.0983949
0.7750760 0.0965225
0.8430073 0.0909577
0.9051029 0.0939627
0.9788008 0.1019327

0.9561413 0.1643092
0.9012049 0.1404096
0.8367661 0.1396326
0.7555971 0.1424555
0.6753627 0.1440087
0.5967636 0.1433394
0.5115325 0.1395629
0.4513250 0.1365448
0.3909221 0.1388964
0.3305527 0.1456686
0.2727555 0.1492639
0.2144599 0.1493896
0.1559164 0.1479386
0.0978257 0.1439582
0.0135457 0.1411240

0.9401028 0.1344325
0.8718474 0.1283162
0.8152706 0.1372687
0.7501380 0.1383918
0.6876230 0.1423372
0.6308007 0.1500291
0.5708604 0.1511135
0.5073560 0.1490675
0.4388741 0.1442174
0.3703682 0.1362101
0.3023199 0.1263049
0.2385053 0.1144733
0.1782762 0.1086143
0.1102947 0.1075507

0.9547470 0.1359009
0.8851304 0.1370574
0.7999398 0.1386474
0.7416443 0.1387717
0.6599866 0.1393883
0.5813875 0.1387191
0.5018324 0.1364786
0.4225157 0.1345524
0.3432133 0.1345210
0.2622326 0.1310292
0.1842935 0.1240412
0.1207603 0.1182074
0.0541973 0.1174490

0.0521266 0.0000000
0.1177698 0.0039230
0.1933015 0.0046137
0.2700274 0.0071901
0.3465150 0.0094530
0.4237129 0.0120264
0.4978547 0.0162022
0.5741229 0.0206778
0.6499190 0.0251574
0.7242919 0.0287006
0.7951533 0.0360599
0.8607915 0.0393538
0.9264107 0.0401220

0.0532294 0.1142987
0.1172226 0.1185500
0.1993859 0.1223480
0.2610119 0.1256704
0.3266332 0.1267524
0.3950770 0.1265501
0.4595064 0.1260627
0.5305367 0.1245783
0.5992928 0.1344789
0.6580700 0.1356136
0.7225159 0.1373373
0.7893244 0.1393591
0.8627433 0.1416470
0.9434688 0.1426170

0.9624685 0.1270013
0.8950928 0.1123526
0.8238670 0.1192052
0.7634735 0.1228186
0.7042458 0.1245289
0.6412110 0.1221631
0.5777329 0.1235900
0.5185458 0.1306685
0.4438326 0.1444956
0.3752317 0.1551192
0.3150600 0.1568377
0.2494388 0.1557558
0.1814432 0.1527974
0.1132091 0.1495254
0.0464030 0.1478216
