0.7929485 0.3393110
0.7359582 0.3203614
0.6816007 0.2888389
0.4393455 0.3952906
0.2252267 0.4550758

0.0348282 0.4237445
0.0965201 0.4002476
0.8977489 0.0946597
0.9645847 0.0683163

0.0072337 0.4650905
0.0614654 0.4447939
0.9732773 0.1039553

0.0518870 0.3393405
0.5050433 0.1732875
0.8697944 0.0331198
0.9416248 0.0055366

0.0731117 0.5505224
0.4670551 0.4039691
0.9938561 0.2127379

0.0556291 0.0000000
0.0785800 0.0591272
0.2001276 0.3721444
0.2843062 0.5889685
0.3097185 0.6509384
0.3149509 0.7221935
0.3210829 0.7925525
0.3098101 0.8079596
0.3001060 0.8341819
0.2487043 0.9175045
0.2065121 0.9653042

0.4230318 0.9988101
0.4000514 0.9362908
0.0819417 0.0717401
0.0628671 0.0198032

0.4074101 0.9864590
0.3949614 0.9576308
0.0663235 0.0960908
0.0472110 0.0364569
0.0853920 0.0223736

0.9785024 0.2540487
0.8415208 0.2246424
0.7036852 0.2114625
0.5369754 0.2133874
0.3890225 0.2025545
0.2793829 0.1909274
0.2468939 0.2900530
0.1186782 0.2689485

0.2337369 0.0786706
0.5574499 0.9667209

0.0052803 0.0104675
0.0148188 0.0347490
0.0350080 0.0847015
0.3709271 0.9655815
0.3846195 1.0000000

0.0597750 0.5018503
0.1513797 0.4661303
0.9229907 0.1650373
0.9957190 0.1262988

0.2826889 0.9922148
0.2488710 0.8964783
0.2982774 0.8779820
0.2764948 0.8214985
0.2465135 0.7293052
0.0106729 0.0043781

0.2669800 1.0000000
0.2701488 0.9043563
0.2785394 0.8419001
0.2974197 0.7329143
0.2894587 0.6031836
0.2649026 0.4847042
0.2256203 0.3755037
0.1065189 0.0279654

0.9631389 0.8789999
0.0388489 0.0368077

0.9435369 0.0169093
0.7991609 0.1002987
0.3031482 0.3924148
0.2497714 0.4201110
0.1579637 0.4581388
0.0817393 0.4659754
0.0000000 0.4549463

0.1404765 0.0503997
0.9010451 0.0398106

0.0000000 0.1044441
0.7529270 0.5871859

1.0000000 0.0071693
0.9535080 0.0179172
0.6026493 0.1073932
0.4074519 0.1503698
0.0395488 0.2284971

0.1029240 0.1904554
0.4313285 0.1170101
0.9699243 0.0000000

0.0000000 0.8263067
0.1044903 0.1555399

0.9296321 0.1955061
0.6276762 0.1278018
0.1309079 0.0145787

0.9719577 0.2402514
0.1088964 0.0138886
0.0821385 0.0068843

0.1140398 0.0725055
0.1178388 0.1661832
0.3719748 0.9119816

1.0000000 0.1017797
0.5730059 0.0214674
0.1777405 0.0058321

0.0000000 0.7546781
0.3058890 0.5261478
0.9535984 0.0283698

0.0268345 0.0000000
1.0000000 0.2778088

0.4798554 0.8373752
0.1127595 0.1466340

0.9630928 0.0523208
0.3589927 0.2450399
0.1246830 0.3290089

0.8609002 0.0833149
0.0583775 0.2974850

0.0779694 0.2171091
0.4101473 0.1015775
0.8431702 0.0000000

0.1018350 0.2097394
0.5489073 0.1102147
0.9476510 0.0099466

0.1630133 0.2465313
0.8514614 0.0530985

0.1742156 0.1815548
0.7888308 0.0000000

0.0701801 0.1472085
0.5143327 1.0000000

0.1319689 0.0196812
0.0702994 0.9071307

0.6528668 0.9518612
0.3661723 0.1337496

0.3063052 0.8990777
0.2867483 0.7846564
0.2549715 0.6500893
0.2207035 0.5367970
0.1008668 0.1631207
0.0569183 0.0344824

0.3097221 0.0189765
0.2972188 0.0817845
0.0593652 0.8728022
0.0371648 0.9063426

0.0028749 0.1329563
0.0786902 0.1804739
0.5514184 0.8398906

0.0000000 0.0282946
0.8887108 0.0000000

0.1039984 0.8612732
0.0166726 0.1503568

0.1908410 0.9943411
0.2467710 0.4185871
0.2483825 0.2200708

0.0000000 0.5656670
0.9323236 0.0139544

0.0346314 0.0536059
0.9865486 0.4259561

0.7774142 0.9527574
0.7356019 0.8830132
0.6909333 0.7793145
0.6688612 0.7413039
0.1747878 0.1153325
0.1173092 0.0519054

0.0000000 0.0846730
0.9201595 0.1505330

0.1025507 0.0928583
0.6606316 0.1442845
1.0000000 0.1851590

0.0826026 0.0221541
0.2876695 0.0994438
0.3022861 0.1046351
0.3681324 0.1323060
0.3836790 0.1388362
0.5788783 0.1312869
0.6453741 0.1487293
0.9528392 0.3038485

0.0205576 0.0595228
0.2849445 0.4767149
0.5763139 0.9348584

0.9736807 0.0717493
0.8853375 0.1226152
0.8027668 0.1678113
0.0371670 0.5868814

0.6401163 0.9175405
0.5600686 0.7875066
0.1084218 0.0275672

0.3640968 0.1032299
0.2047905 0.8193481

0.5596686 0.8902898
0.4719453 0.7455652
0.1230210 0.1615552
0.0612912 0.0553949

0.6193450 0.9765797
0.5930602 0.9375315
0.4767695 0.7455627
0.3341982 0.5288116
0.2976436 0.4731864
0.2218736 0.3574803
0.1481187 0.2456489
0.0312884 0.0678661

0.6694025 0.9758846
0.3904810 0.5530123
0.3392300 0.4768657
0.3062502 0.4278592
0.2651209 0.3634569
0.1308882 0.1623710
0.0000000 0.0000000

0.6528049 0.9597400
0.5940679 0.9430967
0.5212262 0.8316613
0.4046733 0.6533554
0.1663000 0.2717317
0.1445552 0.2401191
0.0101012 0.0334825

0.0241036 0.9305713
0.0404701 0.3375793
0.0481829 0.1000332

0.0149129 0.4665463
0.0448017 0.4552406
1.0000000 0.0995392

0.4120239 0.8798430
0.3845654 0.8121335
0.3232015 0.6560695
0.0653710 0.0000000

0.9105214 0.0957313
0.0825735 0.3332375

0.1020314 0.2965356
0.3102676 0.1547311
0.3935243 0.1309645
0.8790836 0.0000000

0.8959519 0.0598453
0.7039789 0.2068532
0.1712207 0.5768203
0.1008810 0.6272752

0.0357431 0.1549114
0.0870028 0.2277372
0.5375917 0.8681895

0.2478602 0.0837625
0.0565774 0.9777422

0.0752844 0.0257355
0.2120366 0.0846260
0.2771456 0.1100651
0.5460403 0.2069282
0.6088768 0.2297593
0.6216255 0.2344006
0.6831144 0.2567588
0.8397850 0.3137040
0.9456382 0.3521883
0.9921079 0.3871713

0.4941187 0.0518454
0.4418454 0.1593006
0.2720402 0.4998510
0.2069210 0.6385184
0.1731954 0.7106754
0.1356892 0.7977195
0.0832800 0.9188702
0.0727905 0.9437051

0.9489065 0.3130981
0.8338354 0.2853568
0.1297047 0.1155440

0.1148254 0.9139852
0.1818325 0.1573927

0.0651431 0.8992114
0.0981435 0.4977816
0.1037173 0.4545210
0.1079883 0.4051113
0.1348191 0.0859912

0.9423847 0.2455664
0.9057735 0.2238275
0.8764359 0.2065605
0.8211553 0.1736040
0.7635898 0.1401152
0.6654183 0.0839399
0.5968710 0.0597347
0.5490533 0.0523065
0.3774870 0.0412737
0.3128137 0.0358079
0.0000000 0.0137892

0.9421540 0.7654298
0.8554663 0.6943477
0.7734344 0.6270787
0.7228125 0.5855831
0.6084323 0.4971154
0.2593121 0.2271155
0.0303403 0.0437591

0.1283877 0.5552122
0.3431101 0.4737318
0.5676359 0.3692165
0.7777922 0.2442279
1.0000000 0.0975918

0.0869473 0.9414853
0.3106754 0.6409805
0.5780408 0.2957988
0.7200652 0.0988271
0.7571373 0.0474345

0.7849853 0.0917839
0.4343770 0.5399285
0.1698038 0.8780812
0.1396160 0.9229922

0.6333090 0.9432630
0.5468626 0.8225750
0.3162923 0.4964855
0.1889567 0.3055204
0.0780441 0.1281863
0.0476108 0.0866371

0.1788259 0.9462611
0.1742079 0.9185727
0.1525833 0.7883691
0.1235874 0.6135351
0.1045210 0.4942680
0.1030998 0.4823306
0.0575776 0.2012211
0.0496586 0.1344635
0.0471189 0.0986650

0.9316583 0.0424141
0.8077530 0.1070489
0.1070171 0.4631026

0.0986948 0.0952476
0.1923929 0.2907025
0.2221176 0.3526650
0.3616717 0.6179229
0.5158493 0.9109786

0.0000000 0.7191246
0.0869978 0.6184507
0.5252080 0.2541119
0.6857677 0.1610372
0.8183983 0.0887103
0.9101262 0.0387314

0.0453259 0.0672234
0.2796552 0.5538427
0.4205123 0.8369115
0.4977445 0.9664535

0.3751341 0.1242457
0.0927291 0.8830289

0.9634740 0.1551240
0.8862571 0.1492183
0.0658419 0.0843894

0.6908725 0.9097784
0.4799025 0.6586961
0.2948063 0.4498733
0.0273985 0.1517235

0.9594299 0.1399329
0.5431749 0.1077008
0.1970472 0.0808549
0.1048546 0.0737212
0.0364504 0.0595541

0.0000000 0.0527242
0.1715465 0.0912760
0.2148932 0.1046294
0.3017872 0.1313317
0.9200865 0.3069962

0.0985961 0.8427161
0.1234230 0.4584735
0.1500746 0.0451816

0.1216357 0.8729785
0.2059756 0.0978337

0.0769996 0.0178634
0.9332755 0.0759840

0.2208944 0.0263335
0.1780663 0.5123498
0.1387818 0.9108855

0.0710090 0.0895146
0.4760477 0.1218831
0.5066809 0.1243314
0.6325563 0.1343986
0.8929670 0.1551872
1.0000000 0.1637378

0.1701738 0.1107186
0.2688874 0.1341114
0.3674095 0.1489478
0.8884174 0.1851567

0.9858502 0.0422908
0.9693267 0.0421443
0.9563188 0.0419190
0.9091043 0.0409419
0.8887138 0.0406693
0.8090562 0.0396295
0.6623571 0.0373774
0.5669945 0.0365647
0.4966928 0.0357938
0.4965399 0.0487263
0.3732338 0.0468837
0.3023909 0.0489779
0.1956013 0.0526636
0.1586093 0.0534701
0.1286593 0.0530005
0.0500238 0.0522720
0.0371521 0.0520730
0.0223400 0.0521880

0.9416100 0.3080723
0.8456054 0.3057502
0.7788614 0.3055609
0.6405648 0.2992259
0.5422111 0.2942327
0.0978815 0.2864124
0.0770657 0.2860555

0.0377062 0.0235259
0.0370345 0.0871390
0.0357782 0.2086609
0.0324588 0.4411527
0.0319090 0.4794046
0.0300365 0.6197592
0.0292497 0.6781828
0.0276379 0.8105425
0.0269607 0.8697546
0.0258541 0.9675138
0.0258223 0.9801448

0.0182228 0.9669511
0.4874522 0.9720302
0.4931542 0.6633847
0.4975190 0.3373213
0.5014039 0.0192954
0.0885390 0.0165571
0.0339468 0.0154777

0.1049318 0.0338422
0.0945386 0.8898312
0.0876103 0.9154880
0.0815965 0.9377418

0.9603997 0.0839266
0.8442587 0.0845006
0.7492689 0.0852138
0.2745300 0.0834665
0.2089605 0.0825844
0.0755028 0.0866022
0.0767796 0.0531995
0.0455480 0.0541787

0.2465164 0.8730656
0.2601194 0.1798058
0.2593227 0.1344287

0.9819594 0.1483578
0.9412972 0.1457278
0.6297847 0.1405005
0.4457205 0.1382291
0.3732088 0.1373252
0.3448842 0.1370028
0.2017576 0.1300978
0.0540497 0.1228812
0.0259546 0.1217049
