Longitude,Latitude
121.23689543266627,31.29038800255619
121.24127357003175,31.29399322763787
121.23261762410154,31.294458482789132
121.22686468186302,31.297865714922153
121.22659671757798,31.300586296415098
121.22629498157391,31.303583798857865
121.22305205623701,31.304869522906984
121.22563865599996,31.30535408142842
121.2414962604254,31.291565160072004
121.2399971544058,31.29316611927583
121.23275311917223,31.29474450348277
121.22802347163416,31.29913334844565
121.22722602011952,31.302482589216797
121.22295812325335,31.30432923077398
121.22581894866074,31.30473864875856
121.22578164907104,31.30587024273138
121.23973111642582,31.290117938931214
121.23904036556839,31.292275725768935
121.2342405679948,31.295202475886377
121.22863644646236,31.30042952632734
121.22322992284,31.303002426219592
121.22593315935406,31.303637434926145
121.22599750634149,31.304968891159145
121.22576943888551,31.306363962306335
121.23988056582053,31.290219216621956
121.24025522758828,31.29319897381462
121.23411168207275,31.296251629406623
121.22340883129192,31.30065949624204
121.22649877192505,31.30167871545353
121.22592530151672,31.303601243168604
121.22578677171903,31.305281706854256
121.22438691565878,31.305293926784042
121.24135497722989,31.290900193199068
121.24016535658885,31.29390136770493
121.22673699066122,31.295586198215553
121.2270193444822,31.298652660537265
121.22652756961321,31.301228073292418
121.22570383154358,31.30359367232549
121.22430380610592,31.30387876852552
121.22542405208429,31.304419718528386
121.2408433891255,31.29096084255067
121.23082264237875,31.291116358630955
121.23295903438503,31.294194811870334
121.2274650426326,31.298606944412054
121.22635798037544,31.30134300108758
121.22437370766465,31.30221765438205
121.22577428366904,31.303057908644423
121.22280746405357,31.304187323181324
121.23298384810013,31.287657309140396
121.24019507129202,31.29207279955141
121.2339936334962,31.294396226699217
121.22724581623419,31.299111338083183
121.22504543603921,31.300116076189493
121.22591971992144,31.301569231747784
121.2227262770187,31.303178126346772
121.22462415821647,31.303883198797088
121.24173667628035,31.291081326326786
121.2402236081972,31.29391118684284
121.23285921046873,31.29641256011751
121.22552653162249,31.29942586921483
121.2265582183304,31.30053840546002
121.22246844630037,31.30262428894731
121.22473379056716,31.30328934248733
121.22232118555257,31.304189611799792
121.2417058048152,31.291029033777576
121.2403212994886,31.29377721298366
121.23094017637396,31.294911232395528
121.22766145065161,31.298269120216265
121.22271580781853,31.301060351129195
121.2249486268404,31.302162458477905
121.2223067508295,31.30333243723359
121.22374480809538,31.30376729693484
121.24173224069428,31.29098429149907
121.23742767821568,31.291845408203145
121.2342752942697,31.294343719845866
121.22335649709497,31.298829806151208
121.22572373511824,31.300429903093754
121.22220175716599,31.302280061722826
121.22397100260471,31.302893154238788
121.21929502403569,31.307683819901683
121.23859165195424,31.289308481238926
121.242564758014,31.292504424006026
121.22773897638211,31.294916705019993
121.22712197985967,31.298290990344615
121.22262098486479,31.30114473603485
121.22431384875611,31.30199581711155
121.21906776038841,31.30714618653425
121.22041134570775,31.304557812825568
121.24172250223258,31.291137512548918
121.23155604653596,31.29183459498637
121.23115196853614,31.29478560336326
121.2225261205747,31.298748402601532
121.22445089896691,31.299765065734565
121.21801903259625,31.305440239021472
121.22014425790361,31.303047639919217
121.22163480387167,31.303990669742667
121.2318781722635,31.288278059804863
121.23842349585118,31.292348452741887
121.22730056877575,31.294784362206464
121.22585319128329,31.297305984552594
121.21748490307245,31.303833891950777
121.22018722127001,31.301408708112334
121.22171252355267,31.302510082212446
121.21868380031478,31.303979077643785
121.24219473032495,31.291464217367757
121.23154599450898,31.292179503004796
121.23023581481311,31.294412147439505
121.2169975886658,31.302636382974033
121.22003746307334,31.299385976121556
121.22153508701685,31.300753081382762
121.21826267186496,31.30261335177987
121.2214821449293,31.30175365547571
121.23097711069869,31.288119062653216
121.23668077544623,31.291408920097492
121.21789020015201,31.29957043473816
121.2221821500103,31.29606897503177
121.22266458885039,31.29824515491826
121.21838474172536,31.300819910509418
121.22187812736308,31.30003842455165
121.21624966441064,31.30133151298418
121.24079262996007,31.290671480192387
121.22108911297353,31.297510695017056
121.2257693687959,31.292546351519086
121.22438112102914,31.29518830050277
121.21816646537657,31.298602279521514
121.22206931105623,31.298074539429166
121.21600621867991,31.29998177980506
121.21451402043041,31.299794153731945
121.22138213443105,31.292467619223697
121.22999642774644,31.289954818880158
121.23079668489862,31.292611202039367
121.21960753448734,31.29649787376753
121.22379015874945,31.29597846820248
121.2161685533987,31.29898047370051
121.21455963929577,31.298994194378025
121.2216244887613,31.301097109651817
121.22910416941855,31.287603870178902
121.23485198588284,31.291108660478457
121.22205700606438,31.295390682628554
121.22509561584829,31.29616114916153
121.21667082274537,31.300166917485534
121.2151796240328,31.300761865126802
121.22186324171038,31.303242853344603
121.22702278961228,31.30120333983158
121.23953973143409,31.290771581737665
121.22555304333656,31.292178019769928
121.22926473916539,31.29321928883402
121.21620096444137,31.297835285010052
121.2149310690173,31.299283513128735
121.22245984444241,31.301893485983346
121.22762836192466,31.299405284866424
121.225400620517,31.299872913789965
121.22720995858438,31.287875423585994
121.2360005761748,31.291180823220458
121.21816035343231,31.29399031765848
121.21545341650383,31.29747083213678
121.22508698768142,31.30028128013675
121.22988998169596,31.297686446304176
121.22646963960796,31.29816922161005
121.2254627754525,31.29867626173551
121.23728636033397,31.290055087669753
121.22184346604773,31.291028424810023
121.2165720484178,31.2964873224198
121.22825687236437,31.301432363935906
121.23220694419959,31.2979574176409
121.22725736580419,31.297828288139545
121.2258859094645,31.298328042435614
121.21723508593391,31.303692856489484
121.22071525420697,31.286430230627733
121.22209713724779,31.294669574524878
121.23323688093322,31.3017355286897
121.23640352222714,31.297464855345492
121.2296135651081,31.296667794190363
121.2268284886846,31.297186399582937
121.21741014917959,31.303444960722697
121.22462033679214,31.29785499954449
121.23908609484108,31.290045950111274
121.23610427423857,31.291394237191852
121.23231056468916,31.294517401954664
121.22165101375138,31.298688926179906
121.22400954079211,31.299596587355648
121.2247964853081,31.300996672485013
121.22494191353996,31.302800586833772
121.22484398810693,31.30425834610189
121.23684500332553,31.291580315670007
121.24343941549256,31.29511665017229
121.23350543887578,31.296527446596873
121.2284118379319,31.29920410833517
121.22646372637759,31.301463987401096
121.22577765063257,31.30357890606783
121.22625055808211,31.305078381827766
121.22574551704054,31.30629146538179
121.23905744163177,31.290916068368507
121.23986701717214,31.294021315279178
121.23398682601542,31.295922907474477
121.22821077450506,31.299580207833884
121.22689090216296,31.302477961635738
121.22679662693363,31.304531146118762
121.22613715515688,31.305978894303713
121.2241551853663,31.30688289066851
121.24113544117992,31.29094905642595
121.24000959060814,31.29325649811808
121.23390037598574,31.295312812939784
121.22753589556216,31.300012912685766
121.22728709312473,31.302517260465137
121.22577686169588,31.304496760935727
121.22381241964668,31.305797909715153
121.22220689046972,31.30578245286716
121.24108758029045,31.290804067381565
121.24127176109799,31.293242217771347
121.23343620194203,31.296050645774603
121.2282977769269,31.300562420855012
121.22623069803457,31.303037152618693
121.22345634415014,31.304897669839256
121.22191601099888,31.305047741149867