0.9599421 0.0000000
0.8978205 0.0163901
0.8407364 0.0403994
0.7768851 0.0630624
0.7133854 0.0889138
0.6512105 0.1179950
0.5843499 0.1426456
0.5217337 0.1706504
0.4593427 0.1933764
0.3678292 0.2360157
0.2942468 0.2582649
0.2568608 0.2661910
0.1574358 0.3000318
0.0927840 0.3300662
0.0615888 0.3414296
0.0000000 0.3567864

0.1845166 0.5338880
0.2185581 0.5014914
0.2629445 0.4779976
0.2992391 0.4499280
0.3349205 0.4133704
0.3800638 0.3835627
0.4248921 0.3611457
0.4706937 0.3387702
0.5171170 0.3132481
0.5624771 0.2897963
0.6080088 0.2737559
0.6529639 0.2598065
0.7017304 0.2365001
0.7516416 0.2206467
0.8002281 0.2015636
0.8497429 0.1835780
0.8993027 0.1645366
0.9498721 0.1561158
1.0000000 0.1466184

0.9757122 0.0302892
0.9242421 0.0598264
0.8752587 0.0767768
0.8464959 0.0882432
0.7719310 0.1220845
0.7475927 0.1326818
0.6658641 0.1630447
0.6380746 0.1745527
0.5816127 0.1954157
0.5275837 0.2163825
0.4740415 0.2373702
0.4214725 0.2583994
0.3694351 0.2783936
0.3212456 0.2996097
0.2763273 0.3241385
0.2254883 0.3388954
0.1798136 0.3697384
0.1321925 0.4004986
0.0788392 0.4056289
0.0278289 0.4129746

0.0325032 0.3719221
0.0512354 0.3441616
0.1046505 0.3147059
0.1717354 0.2847752
0.2206364 0.2583006
0.2648882 0.2379742
0.3073286 0.2143976
0.3478143 0.2023727
0.4024563 0.1898936
0.4419689 0.1778274
0.4940149 0.1461985
0.5332746 0.1171979
0.5801398 0.0927524
0.6126602 0.0846193
0.6827749 0.0865509
0.7199726 0.0944833
0.7851763 0.0972636
0.8361337 0.1026096
0.8913978 0.0869847
0.9533841 0.0737620
