0.4656949 0.9437913
0.4417588 0.8947371
0.4288154 0.8397973
0.4091180 0.8057571
0.3952226 0.7578395
0.3823321 0.7092587
0.3661322 0.6619487
0.3461170 0.6201257
0.3068429 0.5795965
0.2884747 0.5449071
0.2745111 0.5061687
0.2632372 0.4654265
0.2510261 0.4161686
0.2193977 0.3794987
0.1991173 0.3362519
0.1573193 0.3090347
0.1332910 0.2620959
0.0966076 0.2294475
0.0707059 0.1958483
0.0556535 0.1521193
0.0328869 0.1137103
0.0190650 0.0488449
0.0087721 0.0003757

0.0471698 0.0006074
0.0636427 0.0415721
0.0779017 0.0810293
0.0897355 0.1239142
0.1081347 0.1578984
0.1209732 0.2001201
0.1350882 0.2353334
0.1489388 0.2691228
0.1599788 0.3077360
0.1709281 0.3484642
0.1911096 0.3712239
0.2099238 0.4031071
0.2256703 0.4306211
0.2360072 0.4628475
0.2453694 0.4950321
0.2563560 0.5272863
0.2638219 0.5657464
0.2688626 0.6076342
0.2701255 0.6465349
0.2875793 0.6797724
0.2987698 0.7148606
0.3107610 0.7464516
0.3228126 0.7766326
0.3319932 0.8130473
0.3433346 0.8446105
0.3533763 0.8761180
0.3632597 0.9189196
0.3745707 0.9511878
0.3859118 0.9827510

0.3549277 0.9842487
0.3397255 0.9440445
0.3317833 0.8787244
0.3265992 0.8325927
0.3093945 0.7859460
0.2937537 0.7407789
0.2643013 0.6837194
0.2456302 0.6257091
0.2242538 0.5548695
0.2130475 0.5049484
0.1916489 0.4574159
0.1741114 0.4185244
0.1659434 0.4040485
0.1626487 0.3897813
0.1472186 0.3396793
0.1286906 0.2859131
0.1212774 0.2538120
0.1267390 0.2250876
0.0844926 0.1399346
0.0425635 0.0625647
0.0000000 0.0000000

0.3528502 0.9947542
0.3490114 0.9628062
0.3386750 0.9305797
0.3250596 0.8989191
0.3214623 0.8613310
0.3302782 0.8150928
0.3241725 0.7752783
0.3145233 0.7346057
0.3028945 0.6945546
0.2832497 0.6668735
0.2561555 0.6459364
0.2336398 0.6244891
0.2093486 0.6064974
0.1910032 0.5788721
0.1674898 0.5503191
0.1492650 0.5198739
0.1263637 0.4998228
0.0992389 0.4795909
0.0895360 0.4325594
0.0985701 0.3736170
0.0893887 0.3372024
0.0979168 0.2824762
0.0917271 0.2370078
0.0788813 0.2025551
0.0688459 0.1632788
0.0700150 0.1131814
0.0547209 0.0750925
0.0383314 0.0397818
0.0183909 0.0113821
