1.0000000 0.0533438
0.9283285 0.0814637
0.8607460 0.1007044
0.7947237 0.1159880
0.7638809 0.1217105
0.6884746 0.1396109
0.6397464 0.1516105
0.5933222 0.1747751
0.5687004 0.1868002
0.4915098 0.2247452
0.4346572 0.2424338
0.3792456 0.2481118
0.3350164 0.2633225
0.2874620 0.2804031
0.2295983 0.3000608
0.1690439 0.3175916
0.0959524 0.3355924
0.0547147 0.3459013

0.9351806 0.3221972
0.8443848 0.3313904
0.7706483 0.3644523
0.6819320 0.4008977
0.6053666 0.4459113
0.5122712 0.4871999
0.3770325 0.5166259
0.2652322 0.5400128
0.1457275 0.5701128
0.0395570 0.6027954

0.9053888 0.0000000
0.8718454 0.0146611
0.8361931 0.0352682
0.7981842 0.0567805
0.7574846 0.0761657
0.7083365 0.0871413
0.6711341 0.1006400
0.6417128 0.1164838
0.5918012 0.1344690
0.5505103 0.1568473
0.5119531 0.1803485
0.4621276 0.1963256
0.4181892 0.2155727
0.3678582 0.2325344
0.3139541 0.2463252
0.2600929 0.2591120
0.2069952 0.2648893
0.1503576 0.2775575
0.1049550 0.2876882
0.0489424 0.3074255
0.0000000 0.3244472
