0.3569142 1.0000000
0.3529210 0.9511996
0.3464848 0.8973495
0.3342210 0.8465475
0.3068551 0.8025187
0.2793207 0.7535373
0.2560196 0.7121549
0.2404415 0.6678053
0.2276226 0.6211008
0.2184896 0.5770264
0.2090476 0.5312904
0.1950561 0.4853601
0.1794425 0.4418333
0.1694106 0.4010175
0.1638579 0.3620414
0.1561007 0.3213227
0.1530687 0.2766846
0.1458662 0.2318684
0.1356656 0.1861000
0.1201364 0.1227953
0.0995658 0.0708145
0.0928403 0.0326126

0.0993776 0.0040435
0.0990678 0.0468905
0.1026196 0.0882538
0.1095557 0.1215193
0.1216592 0.1583024
0.1284899 0.1940360
0.1382483 0.2323674
0.1411471 0.2712302
0.1497680 0.3095131
0.1571461 0.3502156
0.1667990 0.3910152
0.1770769 0.4260718
0.1872493 0.4635967
0.1997668 0.4995732
0.2204143 0.5408423
0.2329317 0.5768188
0.2471339 0.6178127
0.2514084 0.6600312
0.2511757 0.6921665
0.2446457 0.7116693
0.2542777 0.7351591
0.2643591 0.7570197
0.2838835 0.7801077
0.3002270 0.8154234
0.3174341 0.8483033
0.3309904 0.8777304
0.3474113 0.9023345
0.3634458 0.9359886

0.3693697 0.9840472
0.3618664 0.9285030
0.3451439 0.8931710
0.3226364 0.8509982
0.2959307 0.8004037
0.2762950 0.7443416
0.2615806 0.6975561
0.2445840 0.6597398
0.2197384 0.6100492
0.2014081 0.5589882
0.1835974 0.5046525
0.1662989 0.4561084
0.1506502 0.4134043
0.1346223 0.3706841
0.1198019 0.3263669
0.1050869 0.2795816
0.0867489 0.2375870
0.0722372 0.1949315
0.0573464 0.1522599
0.0444566 0.1072010
0.0310471 0.0654169
0.0196034 0.0220682

0.0239639 0.0000000
0.0376401 0.0533348
0.0502841 0.1041528
0.0606956 0.1449848
0.0702083 0.1890753
0.0799947 0.2356502
0.0895072 0.2797407
0.1012946 0.3239284
0.1097048 0.3671476
0.1179745 0.4136578
0.1285541 0.4594423
0.1418505 0.5127610
0.1563896 0.5636601
0.1718275 0.6113005
0.1854399 0.6572146
0.1979148 0.7030802
0.2104248 0.7481230
0.2201052 0.7971661
0.2164459 0.8472882
0.2224682 0.9019449
0.2421112 0.9489407
0.2731278 0.9964223

0.3462272 0.8322239
0.3148168 0.8028586
0.2940643 0.7640577
0.2737611 0.7236275
0.2588359 0.6817785
0.2482215 0.6368166
0.2295752 0.5931602
0.2064773 0.5559077
0.1863773 0.5196074
0.1693805 0.4817912
0.1560768 0.4375388
0.1429766 0.3974162
0.1319756 0.3615045
0.1209393 0.3264155
0.1094888 0.2921330
0.0993513 0.2537855
0.0854926 0.2136306
0.0727713 0.1735242
0.0597410 0.1317563
0.0502283 0.0876658
0.0386442 0.0476080
0.0026332 0.0370043

0.2610309 0.9950815
0.2576202 0.9504272
0.2440857 0.8938013
0.2324116 0.8380791
0.2192489 0.7905357
0.2030881 0.7420401
0.1839924 0.7000130
0.1718263 0.6558092
0.1541416 0.6163151
0.1364569 0.5768211
0.1301532 0.5287463
0.1192648 0.4813001
0.1111708 0.4306762
0.0988711 0.3806971
0.0853988 0.3314921
0.0725794 0.2847877
0.0594511 0.2364217
0.0510758 0.1923797
0.0449754 0.1484349
0.0381868 0.1028122
0.0302257 0.0579637
0.0101673 0.0117746

0.1938436 0.9229771
0.2290612 0.8898629
0.2315056 0.8504039
0.2281226 0.8139932
0.2209410 0.7864868
0.2123132 0.7572702
0.2037556 0.7264081
0.1892724 0.6919961
0.1727881 0.6599714
0.1591333 0.6239463
0.1432037 0.5878242
0.1269301 0.5508631
0.1137245 0.5132087
0.1008629 0.4763933
0.0977957 0.4325780
0.0890064 0.3893425
0.0806943 0.3527214
0.0781395 0.3146975
0.0752406 0.2758347
0.0699264 0.2401658
0.0613756 0.2002375
0.0502410 0.1585505
0.0396890 0.1210095
0.0260688 0.0841618
0.0000000 0.0542008

0.0685475 0.0233333
0.0684764 0.0694874
0.0679280 0.1090272
0.0776442 0.1572476
0.0880205 0.1989023
0.0958481 0.2379754
0.1057749 0.2812594
0.1160808 0.3245596
0.1247999 0.3694405
0.1383774 0.4161773
0.1490902 0.4677372
0.1668308 0.5237183
0.1827883 0.5680841
0.1994689 0.6133049
0.2179747 0.6602522
0.2396541 0.7040380
0.2474812 0.7431113
0.2621956 0.7898967
0.2703946 0.8380524
0.2666019 0.8823992
0.2340733 0.9148039
