0.8298466 0.0474198
0.1199442 0.2343096

0.1562064 0.2370990
0.4804742 0.1513250
0.8542538 0.0592748

0.0174338 0.2196653
0.3417015 0.1485356
0.8005579 0.0000000

0.0836820 0.2845188
0.4630404 0.2071130
0.8612273 0.0976290

0.8682008 0.1680614
0.3417015 0.3019526
0.2496513 0.3110181

0.7210600 0.1066946
0.3228731 0.2398884

0.0000000 0.2817294
0.3730823 0.1715481
0.8507671 0.0383543

0.0606695 0.2935844
0.6227336 0.1450488
0.8737796 0.0739191

1.0000000 0.0557880
0.0697350 0.2963738

0.8389121 0.1032078
0.8089261 0.1122734
0.6806137 0.1506276
0.2398884 0.2754533

0.3186890 0.2015342
0.7280335 0.0913529

0.1841004 0.3695955
0.5453278 0.2601116
0.9735007 0.1352859
