0.0068978 0.4187620
0.0693803 0.3940868
0.1294273 0.3772813
0.1945701 0.3641102
0.2559959 0.3519198
0.3174216 0.3397295
0.3727432 0.3352525
0.4320638 0.3355023
0.4763218 0.3442225
0.5273932 0.3532332
0.5890525 0.3478876
0.6496814 0.3174393
0.7345162 0.2857447
0.8121106 0.2514636
0.8912775 0.2172497
0.9795967 0.1777309

0.9252160 0.0000000
0.8732233 0.0125913
0.8280530 0.0129440
0.7863577 0.0180010
0.7449926 0.0276284
0.6988137 0.0393287
0.6521107 0.0510067
0.6074557 0.0639112
0.5638974 0.0757233
0.5191456 0.0909018
0.4722489 0.1071280
0.4284000 0.1257623
0.3807371 0.1476511
0.3341710 0.1684478
0.2786950 0.1888648
0.2235495 0.2138522
0.1686860 0.2445469
0.1206843 0.2743950
0.0770122 0.3135400
0.0374361 0.3551375
0.0190093 0.4056094
0.0271663 0.4606310
0.0404278 0.5067576
0.0506415 0.5504763

1.0000000 0.0316640
0.9296726 0.0309442
0.8622080 0.0246512
0.7986939 0.0242221
0.7373643 0.0341375
0.6732688 0.0473523
0.6023115 0.0614138
0.5333934 0.0892309
0.4636694 0.1113186
0.3935579 0.1425022
0.3210683 0.1678895
0.2472399 0.2000541
0.1650172 0.2443906
0.0836492 0.2933200
0.0000000 0.3341790

0.9940596 0.2079626
0.9423096 0.2148689
0.8885116 0.2205489
0.8359556 0.2217258
0.7875441 0.2242185
0.7349308 0.2390616
0.6738438 0.2432923
0.6237542 0.2605212
0.5725680 0.2788425
0.5262837 0.3053461
0.4809507 0.3341684
0.4290864 0.3684076
0.3840443 0.3904082
0.3403808 0.4170237
0.2953389 0.4390243
0.2410966 0.4674673
0.1867575 0.4981843
0.1310488 0.5117574
0.0755513 0.4957245
