0.0000000 0.0167526
0.0177160 0.0688514
0.0309967 0.1060917
0.0622130 0.1506988
0.0886751 0.1958365
0.1072907 0.2347715
0.1274991 0.2759749
0.1414230 0.3139761
0.1542096 0.3548627
0.1682518 0.3980032
0.1794454 0.4366214
0.1926318 0.4760581
0.2099601 0.5134713
0.2221030 0.5535970
0.2344895 0.5959334
0.2490563 0.6346957
0.2630734 0.6705006
0.2843623 0.7022153
0.3059884 0.7339444
0.3229476 0.7720754
0.3384636 0.8123452
0.3513993 0.8576391
0.3704382 0.9024601
0.4063261 0.9325981
0.4502920 0.9476784

0.0027430 0.0000000
0.0227763 0.0690675
0.0514997 0.1245702
0.0747629 0.1813067
0.0977133 0.2453645
0.1296222 0.3054041
0.1567143 0.3674385
0.1655829 0.4367629
0.1782874 0.5033173
0.1996441 0.5651068
0.2256429 0.6131588
0.2539898 0.6774473
0.2733221 0.7391505
0.2990078 0.7945239
0.3155473 0.8583083
0.3400644 0.9172992
0.3718777 0.9795355

0.4574121 0.9787881
0.4356367 0.9426516
0.4181463 0.9169667
0.4023491 0.8832860
0.3911875 0.8439356
0.3743469 0.8109439
0.3589494 0.7758134
0.3524792 0.7373968
0.3340143 0.7028688
0.3239516 0.6694331
0.3167440 0.6324520
0.3117727 0.5985003
0.2996547 0.5657103
0.2725995 0.5344828
0.2611560 0.5017217
0.2497750 0.4674963
0.2414926 0.4319362
0.2362151 0.3972380
0.2281137 0.3653530
0.2094294 0.3359500
0.1851038 0.3041058
0.1680502 0.2681713
0.1793899 0.2400503
0.1531156 0.1905198
0.1591762 0.1673077
0.1445151 0.1307419
0.1350393 0.0914636
0.1307109 0.0582729
0.1076158 0.0213470

0.0624600 0.0340884
0.0746661 0.0727497
0.0899018 0.1196085
0.1011518 0.1648302
0.1176182 0.2066073
0.1304050 0.2474938
0.1533748 0.2873482
0.1667176 0.3231243
0.1817406 0.3670402
0.1984503 0.4110282
0.2081759 0.4444494
0.2200194 0.4757607
0.2366104 0.5146093
0.2551629 0.5550087
0.2827545 0.6053292
0.3016622 0.6611466
0.3134676 0.7012579
0.3263162 0.7406803
0.3448683 0.7810797
0.3576542 0.8219664
0.3728640 0.8614897
0.3849372 0.9111475
0.4026334 0.9478432
0.4216968 1.0000000
