0.0537979 0.3186031
0.8003855 0.0046553

0.8003855 0.0046553
0.0092028 0.3531776

0.8003855 0.0046553
0.0000000 0.3005887

0.0468942 0.2707628
0.8217069 0.0761752

0.0551684 0.3809626
0.7796081 0.0579024

1.0000000 0.0002747
0.2088146 0.3487909

0.0092028 0.3531776
0.8003855 0.0046553

1.0000000 0.0002747
0.1086431 0.3509921

0.8826116 0.1180312
0.1276403 0.2833859

1.0000000 0.0002747
0.1086431 0.3509921

0.0527436 0.2706343
0.8401971 0.0853678

0.0092028 0.3531776
0.8749725 0.0366126

0.8998272 0.0024728
0.0092028 0.3531776
