0.1361335 0.0576181
0.4441555 0.7663029

0.4795381 1.0000000
0.1165213 0.2083521

0.1255463 0.1600568
0.4966528 0.7771753

0.0000000 0.1628129
0.4588175 0.7659812

0.0000000 0.1628129
0.5591113 0.8659871

0.0000000 0.1628129
0.5591113 0.8659871

0.0760679 0.2032280
0.4819907 0.7774970

0.0000000 0.1628129
0.4834411 0.8435987

0.0981654 0.0404150
0.4209823 0.7547870

0.0220971 0.0000000
0.5018874 0.7650362

0.0609888 0.0592676
0.4276673 0.8087496

0.1255463 0.1600568
0.5138003 0.7647748

0.0000000 0.1628129
0.5737734 0.8656654

0.1255463 0.1600568
0.5138003 0.7647748

0.0732977 0.0770338
0.4780681 0.8076437
