0.0000000 1.0000000
0.1693392 0.0597359

0.1693392 0.0597359
0.1268947 0.9971832

0.2962411 0.0569205
0.0609138 0.8949305

0.2330226 0.0583230
0.0609138 0.8949305

0.0000000 1.0000000
0.1693392 0.0597359

0.0000000 1.0000000
0.1693392 0.0597359

0.0000000 1.0000000
0.1693392 0.0597359

0.0694517 0.9862562
0.2522840 0.0670472

0.0000000 1.0000000
0.1693392 0.0597359

0.2330226 0.0583230
0.0609138 0.8949305

0.0000000 1.0000000
0.1693392 0.0597359

0.0000000 1.0000000
0.1693392 0.0597359

0.0609138 0.8949305
0.2330226 0.0583230

0.0000000 1.0000000
0.2494014 0.0000000

0.0000000 1.0000000
0.2330226 0.0583230

0.1035774 0.9732967
0.1693392 0.0597359

0.0609138 0.8949305
0.2330226 0.0583230

0.0632150 0.9985967
0.2353225 0.1619891

0.0000000 1.0000000
0.1693392 0.0597359

0.2344674 0.0186343
0.0000000 1.0000000

0.0000000 1.0000000
0.1693392 0.0597359

0.0609138 0.8949305
0.1693392 0.0597359

0.1693392 0.0597359
0.1176241 0.5794695
0.0000000 1.0000000

0.0000000 1.0000000
0.1693392 0.0597359

0.0632150 0.9985967
0.0539427 0.5808830
0.1693392 0.0597359

0.1268947 0.9971832
0.2330226 0.0583230

0.0632150 0.9985967
0.0539427 0.5808830
0.2353225 0.1619891

0.0632150 0.9985967
0.0539427 0.5808830
0.1693392 0.0597359

0.0609138 0.8949305
0.1153234 0.4758034
0.1693392 0.0597359

0.0609138 0.8949305
0.1693392 0.0597359

0.2344674 0.0186343
0.0000000 1.0000000
