0.0000000 0.0579418
0.0056613 0.1054605
0.0167353 0.1462577
0.0324345 0.1837760
0.0477546 0.2226686
0.0622633 0.2580503
0.0760139 0.2961807
0.0983867 0.3499747
0.1058127 0.3711491
0.1244488 0.4074023
0.1554440 0.4393163
0.1682942 0.4760178
0.1776267 0.5125692
0.1859169 0.5435142
0.1999748 0.5969534
0.2068202 0.6167126
0.2205110 0.6562311
0.2358599 0.6944299
0.2540275 0.7341395
0.2719345 0.7724475
0.2869634 0.8106326
0.3020751 0.8543834
0.3187263 0.8995904
0.3333403 0.9474914
0.3478182 0.9835673

0.0140472 0.0515887
0.0308004 0.1169620
0.0630339 0.1649194
0.0805804 0.2192026
0.0944908 0.2761117
0.1148088 0.3179987
0.1431450 0.3671804
0.1659141 0.4342011
0.1697329 0.4948510
0.1811437 0.5502630
0.1974104 0.6044917
0.2066122 0.6591141
0.2377664 0.7098068
0.2614114 0.7713030
0.2753982 0.8038817
0.3189694 0.8863909
0.3504183 0.9676875

0.4498275 0.9879224
0.4380203 0.9568272
0.4257513 0.9215407
0.4173788 0.8850301
0.3988265 0.8543422
0.3899564 0.8219819
0.3890215 0.7913509
0.3774746 0.7616573
0.3647375 0.7298272
0.3445267 0.7004590
0.3243752 0.6697029
0.3256194 0.6405554
0.3247437 0.6085364
0.3242767 0.5744491
0.3238035 0.5480094
0.3165024 0.5164113
0.3053935 0.4839555
0.2962329 0.4508876
0.2928580 0.4173714
0.2832887 0.3863719
0.2673236 0.3550993
0.2474913 0.3243569
0.2382121 0.2940650
0.2284709 0.2595818
0.2141934 0.2262956
0.1967476 0.1921789
0.1786325 0.1587289
0.1608667 0.1245985
0.1447531 0.0967960
0.1291962 0.0634552
0.1171569 0.0302646
0.1085168 0.0000000

0.0663514 0.0121056
0.0517827 0.0531990
0.0388131 0.0943607
0.0514920 0.1275786
0.0690210 0.1672607
0.0892800 0.2105356
0.0998859 0.2547891
0.1123277 0.2935590
0.1269487 0.3338123
0.1431390 0.3748279
0.1622665 0.4145784
0.1722978 0.4497691
0.1852308 0.4920362
0.1975537 0.5335821
0.2136016 0.5704202
0.2290394 0.6065370
0.2486876 0.6490908
0.2591569 0.6815193
0.2758380 0.7260322
0.2923831 0.7587201
0.3116815 0.8019543
0.3301391 0.8423716
0.3505745 0.8814829
0.3666810 0.9169331
0.3763387 0.9458508
0.3897746 0.9763202
0.4070242 1.0000000
