0.8972268 0.7397503
0.4270949 0.4117406
0.0601491 0.0839361

0.8972268 0.7397503
0.0601491 0.0839361

0.9488016 0.7386139
0.6936755 0.5614640
0.0601491 0.0839361

0.9488016 0.7386139
0.0067166 0.0011398

0.0085717 0.0850759
0.9488016 0.7386139

0.8972268 0.7397503
0.6592493 0.5375241
0.0067166 0.0011398

0.8972268 0.7397503
0.0601491 0.0839361

0.8972268 0.7397503
0.0085717 0.0850759

0.9488016 0.7386139
0.3206129 0.2461371
0.0067166 0.0011398

0.9329861 0.7216730
0.6931311 0.5367769
0.0908020 0.0733791

0.8972268 0.7397503
0.6814109 0.5518548
0.0601491 0.0839361

0.9488016 0.7386139
0.0601491 0.0839361

0.8972268 0.7397503
0.0067166 0.0011398

0.8972268 0.7397503
0.0601491 0.0839361

0.8916300 0.7250542
0.6409115 0.5428683
0.0067166 0.0011398

0.8972268 0.7397503
0.0601491 0.0839361

0.8972268 0.7397503
0.0085717 0.0850759

0.8972268 0.7397503
0.0601491 0.0839361

0.9506510 0.8225500
0.4786710 0.4106024
0.0067166 0.0011398

0.9488016 0.7386139
0.0601491 0.0839361

0.8972268 0.7397503
0.0601491 0.0839361

0.9506510 0.8225500
0.3740424 0.3289346
0.0085717 0.0850759

0.9383696 0.7437835
0.0601491 0.0839361

0.0000000 0.0210476
0.9488016 0.7386139

0.9488016 0.7386139
0.0601491 0.0839361

0.8972268 0.7397503
0.3740424 0.3289346
0.0067166 0.0011398

0.0675480 0.0096752
0.9488016 0.7386139

0.0929411 0.0338132
1.0000000 0.7374859

0.9488016 0.7386139
0.6879787 0.5764091
0.3740424 0.3289346
0.0085717 0.0850759

0.9488016 0.7386139
0.0601491 0.0839361

1.0000000 0.7374859
0.0601491 0.0839361

0.8972268 0.7397503
0.0601491 0.0839361

0.9488016 0.7386139
0.0582943 0.0000000

0.9488016 0.7386139
0.0601491 0.0839361

0.8972268 0.7397503
0.0582943 0.0000000

0.9488016 0.7386139
0.0601491 0.0839361

0.8972268 0.7397503
0.0085717 0.0850759
