0.1307601 0.9534498
0.3878750 0.3623549
0.8766807 0.0303530

0.0000000 0.8993563
0.7354350 0.0023907

0.7354350 0.0023907
0.2155700 0.8945870

0.0983852 0.9541661
0.8545703 0.0308415

0.2007595 0.7964832
0.6448763 0.0872818

0.2155700 0.8945870
0.7354350 0.0023907

0.7393260 0.1784450
0.1634420 0.8594759

0.7286141 0.1942236
0.1299582 0.9172033

0.8436183 0.0000000
0.2301392 0.9460708

0.0987289 0.9697002
0.7894751 0.0167383

0.7354350 0.0023907
0.1958170 0.8587598

0.2155700 0.8945870
0.7354350 0.0023907

0.1081798 0.8969627
0.7393260 0.1784450

0.1341600 1.0000000
0.8436183 0.0000000
