0.4339531 0.8661076
0.0834307 0.0551449

0.4339531 0.8661076
0.0834307 0.0551449

0.5197595 1.0000000
0.0864210 0.1908607

0.5197595 1.0000000
0.0834307 0.0551449

0.4339531 0.8661076
0.0864210 0.1908607

0.4339531 0.8661076
0.0864210 0.1908607

0.5197595 1.0000000
0.0864210 0.1908607

0.1662524 0.0533202
0.6001993 0.8624477

0.5197595 1.0000000
0.0834307 0.0551449

0.4339531 0.8661076
0.0834307 0.0551449

0.0834307 0.0551449
0.5167717 0.8642842

0.1662524 0.0533202
0.5167717 0.8642842

0.5197595 1.0000000
0.0000000 0.0569834

0.5197595 1.0000000
0.0834307 0.0551449

0.4339531 0.8661076
0.0834307 0.0551449

0.4339531 0.8661076
0.0864210 0.1908607

0.4339531 0.8661076
0.0864210 0.1908607

0.5197595 1.0000000
0.0834307 0.0551449

0.5197595 1.0000000
0.0864210 0.1908607

0.0834307 0.0551449
0.5167717 0.8642842

0.0834307 0.0551449
0.5167717 0.8642842

0.5197595 1.0000000
0.0864210 0.1908607

0.4339531 0.8661076
0.0834307 0.0551449

0.4339531 0.8661076
0.0864210 0.1908607

0.4776474 0.9689786
0.1091026 0.0865279

0.0834307 0.0551449
0.3319035 0.4650035
0.5654068 0.8871750

0.4339531 0.8661076
0.0834307 0.0551449

0.4339531 0.8661076
0.0834307 0.0551449

0.4339531 0.8661076
0.0864210 0.1908607

0.0487052 0.0000000
0.6181348 0.9299437

0.0834307 0.0551449
0.5197595 1.0000000

0.4339531 0.8661076
0.0864210 0.1908607

0.0834307 0.0551449
0.6001993 0.8624477
