0.9560088 0.0989223
0.1275965 0.1174496

0.0326372 0.0797635
0.9166919 0.3320324

0.1275965 0.1174496
0.9554944 0.2117318

0.9560088 0.0989223
0.1275965 0.1174496

0.0000000 0.1136698
0.9002116 0.3191305

0.1244136 0.1108857
0.8614260 0.2138346

0.2085430 0.1620846
1.0000000 0.2107369

0.9560088 0.0989223
0.1275965 0.1174496

0.9560088 0.0989223
0.1275965 0.1174496

0.0560226 0.0394290
0.8759623 0.3661188

0.0389482 0.0000000
0.8921198 0.3193114

0.1138808 0.1376620
0.8603881 0.1674116

0.1411911 0.1370509
0.8927128 0.3458388
