0.0520731 0.0584812
0.0356685 0.0915707
0.0521668 0.1255814
0.0479127 0.1654812
0.0406834 0.2022471
0.0383138 0.2379875
0.0372860 0.2754932
0.0372425 0.3254246
0.0381180 0.3611390
0.0389516 0.4100765
0.0360663 0.4550967
0.0304115 0.5042834
0.0257247 0.5453709
0.0220892 0.5888182
0.0208391 0.6354042
0.0203327 0.6827736
0.0198279 0.7303404
0.0191599 0.7759349
0.0177355 0.8191672
0.0155578 0.8604320
0.0160129 0.8989127
0.0150010 0.9383919
0.0429556 0.9663904

0.0511740 0.0198067
0.0315242 0.0529221
0.0325504 0.0890300
0.0302802 0.1372029
0.0265081 0.1820328
0.0213195 0.2341762
0.0182440 0.2738692
0.0169212 0.3113774
0.0177171 0.3555787
0.0236108 0.3916477
0.0272439 0.4401682
0.0244398 0.5138043
0.0241874 0.5560404
0.0239507 0.6002500
0.0240123 0.6448519
0.0246512 0.6878703
0.0255898 0.7314784
0.0247679 0.7762848
0.0242489 0.8220755
0.0235809 0.8676700
0.0205214 0.9093365
0.0182530 0.9577068
0.0256215 0.9937640

0.0657816 0.0571875
0.0525266 0.0967646
0.0470033 0.1439767
0.0440784 0.1840633
0.0410407 0.2284926
0.0390465 0.2742950
0.0389636 0.3192928
0.0375185 0.3599596
0.0361831 0.3958890
0.0326154 0.4478221
0.0301158 0.4857344
0.0276461 0.5273962
0.0253524 0.5726090
0.0233726 0.6201875
0.0217051 0.6699345
0.0210718 0.7198706
0.0208731 0.7688164
0.0213897 0.8149935
0.0221714 0.8574187
0.0215799 0.8941316
0.0195592 0.9365793
0.0257571 0.9738300

0.0355187 0.0359176
0.0372122 0.0816906
0.0379465 0.1181955
0.0365171 0.1608358
0.0357377 0.2109703
0.0347122 0.2672249
0.0342657 0.3220933
0.0342112 0.3706433
0.0325870 0.4073644
0.0306853 0.4462587
0.0288387 0.4920600
0.0261025 0.5372763
0.0247923 0.5763632
0.0231281 0.6265049
0.0210670 0.6823730
0.0207902 0.7400031
0.0209417 0.7958536
0.0210601 0.8475598
0.0217069 0.8915650
0.0233246 0.9278655
0.0242064 0.9643693

0.0498519 0.0389608
0.0384877 0.0751677
0.0373533 0.1178055
0.0330511 0.1701392
0.0304339 0.2118021
0.0297878 0.2601594
0.0309670 0.3154096
0.0308265 0.3716571
0.0275807 0.4269426
0.0247963 0.4845928
0.0229096 0.5438146
0.0220711 0.6050015
0.0230105 0.6671611
0.0237977 0.7287298
0.0224963 0.7873548
0.0219135 0.8436059
0.0223031 0.8923497
0.0242222 0.9294372
0.0249565 0.9659422

0.0857587 0.0465681
0.0573541 0.0732407
0.0537420 0.1196481
0.0500251 0.1713850
0.0447575 0.2136612
0.0417529 0.2622347
0.0397808 0.3108000
0.0399961 0.3561901
0.0404448 0.3938814
0.0243309 0.4263765
0.0203453 0.4629192
0.0158690 0.5118992
0.0137007 0.5543480
0.0116019 0.6054799
0.0099724 0.6599632
0.0101239 0.7158136
0.0101200 0.7706786
0.0109538 0.8196161
0.0108584 0.8630352
0.0098323 0.9007383
0.0070679 0.9424025
0.0032205 0.9777599
0.0355540 1.0000000

0.0738162 0.0658070
0.0584936 0.1604628
0.0567455 0.2001452
0.0559108 0.2433728
0.0558152 0.2867918
0.0536530 0.3300300
0.0525376 0.3750360
0.0495015 0.4196626
0.0470554 0.4642846
0.0419433 0.5075463
0.0387598 0.5521742
0.0358808 0.5979837
0.0344815 0.6443735
0.0330759 0.6899739
0.0318225 0.7361652
0.0304201 0.7821603
0.0279789 0.8273742
0.0268558 0.8713936
0.0258517 0.9118595
0.0241812 0.9612118

0.0580104 0.0446189
0.0323240 0.0791640
0.0323871 0.1239633
0.0304726 0.1612788
0.0284517 0.2037264
0.0279231 0.2483330
0.0281984 0.3012221
0.0286811 0.3616091
0.0285848 0.4233822
0.0255338 0.4845869
0.0224765 0.5450021
0.0204644 0.6069879
0.0191819 0.6679811
0.0155284 0.7276118
0.0131709 0.7832849
0.0110753 0.8348115
0.0096903 0.8829774
0.0082738 0.9271964
0.0074710 0.9743709

0.0617517 0.0512991
0.0561842 0.0929856
0.0524981 0.1301179
0.0484262 0.1743581
0.0475213 0.2272567
0.0463498 0.2837097
0.0454781 0.3407525
0.0409141 0.3972327
0.0362059 0.4541088
0.0307507 0.5098067
0.0271973 0.5635159
0.0255724 0.6185911
0.0240935 0.6734678
0.0230539 0.7279463
0.0221540 0.7814369
0.0204850 0.8309866
0.0187561 0.8730372
0.0173901 0.9235712
0.0178295 0.9600785

0.0520654 0.0205890
0.0312198 0.0517404
0.0328533 0.0900144
0.0335663 0.1423079
0.0334597 0.1843455
0.0332561 0.2326993
0.0326369 0.2844114
0.0318843 0.3379008
0.0305260 0.3894215
0.0287078 0.4387750
0.0270277 0.4869432
0.0259376 0.5351067
0.0263052 0.5810876
0.0260654 0.6249025
0.0244713 0.6653732
0.0249391 0.7054327
0.0252435 0.7435199
0.0252017 0.7936486
0.0252412 0.8354877
0.0237994 0.8765492
0.0201830 0.9223647
0.0178035 0.9752751

0.0392790 0.0080604
0.0374150 0.0516909
0.0362364 0.0888032
0.0357126 0.1340018
0.0353441 0.1801860
0.0364791 0.2299105
0.0359064 0.2689915
0.0365358 0.3108259
0.0367211 0.3524665
0.0355741 0.3935256
0.0339816 0.4341936
0.0328425 0.4762395
0.0308327 0.5200685
0.0295478 0.5623129
0.0295793 0.6031653
0.0294649 0.6442162
0.0294918 0.6844766
0.0293726 0.7249355
0.0291124 0.7661849
0.0303144 0.8058438
0.0310582 0.8435328
0.0298065 0.8899214
0.0304343 0.9315585
0.0301882 0.9745840

0.0491050 0.0377826
0.0404447 0.0800859
0.0381302 0.1227332
0.0360620 0.1592605
0.0344883 0.2022967
0.0332238 0.2471065
0.0321131 0.2927045
0.0321588 0.3353330
0.0369782 0.3846334
0.0346165 0.4213604
0.0324482 0.4638092
0.0308225 0.5003330
0.0284924 0.5410069
0.0258879 0.5842487
0.0246141 0.6278745
0.0226154 0.6730849
0.0228323 0.7186724
0.0226099 0.7646580
0.0222384 0.8104475
0.0215578 0.8544633
0.0200970 0.8931567
0.0204536 0.9377563
0.0385796 0.9725434

0.0387481 0.0339182
0.0328541 0.0716603
0.0298961 0.1076026
0.0277450 0.1522222
0.0253115 0.1984229
0.0256286 0.2380888
0.0244769 0.2785560
0.0240281 0.3146756
0.0248050 0.3565088
0.0243515 0.3920365
0.0220025 0.4303423
0.0201702 0.4779196
0.0198397 0.5288401
0.0206119 0.5700812
0.0231399 0.6095322
0.0250092 0.6588562
0.0251757 0.6981286
0.0256639 0.7407536
0.0257239 0.7851581
0.0250401 0.8287792
0.0246323 0.8700298
0.0240360 0.9061507
0.0240471 0.9444377
0.0395182 0.9792460

0.0397104 0.0435810
0.0275100 0.0859126
0.0266218 0.1224305
0.0237521 0.1694241
0.0215506 0.2077287
0.0190935 0.2509692
0.0179624 0.2940018
0.0199320 0.3374043
0.0221602 0.3762655
0.0229261 0.4167173
0.0199793 0.4540411
0.0160315 0.4953200
0.0130800 0.5320518
0.0105481 0.5843713
0.0104732 0.6303558
0.0102398 0.6749601
0.0102982 0.7191673
0.0107833 0.7613975
0.0099300 0.8022570
0.0100728 0.8385693
0.0083518 0.8816066
0.0068738 0.9181293
0.0077557 0.9546330
0.0279498 0.9897983

0.0381833 0.0370804
0.0387188 0.0856257
0.0366449 0.1399150
0.0347872 0.1843349
0.0320730 0.2323140
0.0292128 0.2804917
0.0267762 0.3262977
0.0252120 0.3705178
0.0249265 0.4086098
0.0225404 0.4607307
0.0203421 0.4994300
0.0189113 0.5418730
0.0173598 0.5876719
0.0149407 0.6356487
0.0129783 0.6853980
0.0121960 0.7351379
0.0112519 0.7831029
0.0113308 0.8298756
0.0119714 0.8730914
0.0122711 0.9105866
0.0126135 0.9534101
0.0390852 0.9804336

0.0646237 0.0599598
0.0584677 0.1018484
0.0545875 0.1516130
0.0513802 0.1932807
0.0492054 0.2349401
0.0474494 0.2736358
0.0464184 0.3107469
0.0445923 0.3591137
0.0352839 0.3941200
0.0320909 0.4375638
0.0305141 0.4802052
0.0290296 0.5159385
0.0278780 0.5564056
0.0267516 0.6000302
0.0266578 0.6436466
0.0267177 0.6880512
0.0254549 0.7330584
0.0237512 0.7782664
0.0221761 0.8211052
0.0210151 0.8603883
0.0193257 0.9073725
0.0221265 0.9440583
0.0543094 0.9659049

0.0489157 0.0141014
0.0172344 0.0368532
0.0190202 0.0757180
0.0204739 0.1284003
0.0206593 0.1700409
0.0211680 0.2152312
0.0209550 0.2624009
0.0209022 0.3111482
0.0202593 0.3599002
0.0202128 0.4094369
0.0215032 0.4601470
0.0201355 0.5104836
0.0186218 0.5610188
0.0172557 0.6115528
0.0155946 0.6620891
0.0152752 0.7143909
0.0167400 0.7684547
0.0176053 0.8213391
0.0177016 0.8702826
0.0183342 0.9125117
0.0180866 0.9553399
0.0337147 0.9913310

0.0852957 0.0440062
0.0640170 0.0763451
0.0585205 0.1269121
0.0569041 0.1646199
0.0523582 0.2049168
0.0490255 0.2493485
0.0454198 0.2965453
0.0437254 0.3429374
0.0437601 0.3841845
0.0330682 0.4306485
0.0235895 0.4812474
0.0200905 0.5233121
0.0170767 0.5707016
0.0142229 0.6196686
0.0122732 0.6709967
0.0106437 0.7254799
0.0101942 0.7799537
0.0086870 0.8312782
0.0078904 0.8792421
0.0060157 0.9214912
0.0043838 0.9572256
0.0045519 0.9966954

0.0458078 0.0312962
0.0131974 0.0485294
0.0164898 0.0913293
0.0130845 0.1266832
0.0121719 0.1785950
0.0107490 0.2220246
0.0099349 0.2678176
0.0107119 0.3096508
0.0109147 0.3534622
0.0149019 0.3909279
0.0178646 0.4293886
0.0170064 0.4696560
0.0166049 0.5116960
0.0168802 0.5645851
0.0167470 0.6032679
0.0168976 0.6405669
0.0171832 0.6762860
0.0186022 0.7246268
0.0190337 0.7601474
0.0134636 0.8014393
0.0133571 0.8434770
0.0123547 0.8841403
0.0109161 0.9255965
0.0330167 0.9593650

0.0486057 0.0306818
0.0203801 0.0613001
0.0206751 0.0982033
0.0219166 0.1427957
0.0212879 0.1933238
0.0209858 0.2477964
0.0224679 0.3040309
0.0239358 0.3584893
0.0243554 0.4109826
0.0228701 0.4650699
0.0206600 0.5207419
0.0186037 0.5772021
0.0178860 0.6350331
0.0170192 0.6926679
0.0170326 0.7497036
0.0171731 0.8041726
0.0169854 0.8544999
0.0155641 0.8981269
0.0146776 0.9348421
0.0235305 0.9720716

0.0561419 0.0138463
0.0360543 0.0475573
0.0359272 0.0870295
0.0335111 0.1354009
0.0324146 0.1827750
0.0300639 0.2208834
0.0292262 0.2637163
0.0283995 0.3079306
0.0291433 0.3456196
0.0299092 0.3860714
0.0302404 0.4275134
0.0290935 0.4685726
0.0281888 0.5214712
0.0268897 0.5619395
0.0245849 0.6057709
0.0233268 0.6513701
0.0229743 0.6995277
0.0229341 0.7498538
0.0242166 0.7995772
0.0237055 0.8463546
0.0239114 0.8905606
0.0245030 0.9276588
0.0287977 0.9667009

0.0300468 0.0341851
0.0352126 0.0714441
0.0310406 0.1216057
0.0282821 0.1640593
0.0263022 0.2116378
0.0246394 0.2619768
0.0244406 0.3109226
0.0261452 0.3580770
0.0265395 0.4074127
0.0267816 0.4561577
0.0251031 0.5045232
0.0232755 0.5526926
0.0223346 0.6010523
0.0215427 0.6496082
0.0207523 0.6983613
0.0208407 0.7463181
0.0212256 0.7944698
0.0208573 0.8406540
0.0204527 0.8822993
0.0225919 0.9284635
0.0261239 0.9643540

0.0614292 0.0293952
0.0383757 0.0611563
0.0402853 0.0970598
0.0309720 0.1314741
0.0230446 0.1731795
0.0187938 0.2134740
0.0176784 0.2584800
0.0196086 0.2969490
0.0202017 0.3342444
0.0184475 0.3731375
0.0139270 0.4165919
0.0118423 0.4694999
0.0103737 0.5072066
0.0097916 0.5451036
0.0094580 0.5956293
0.0101987 0.6329236
0.0113977 0.6721878
0.0113054 0.7160015
0.0120903 0.7588215
0.0124137 0.7992768
0.0131686 0.8383472
0.0137153 0.8882738
0.0169823 0.9279162
0.0408039 0.9555530

0.0528597 0.0276874
0.0385437 0.0637206
0.0399106 0.1055490
0.0390271 0.1426590
0.0386413 0.1866724
0.0378476 0.2350308
0.0369239 0.2855613
0.0363157 0.3386548
0.0368906 0.3921336
0.0361396 0.4458204
0.0344958 0.4985275
0.0317989 0.5486774
0.0305661 0.5974341
0.0306591 0.6459829
0.0307475 0.6939396
0.0305424 0.7420961
0.0299011 0.7910454
0.0294121 0.8405856
0.0289105 0.8885471
0.0289736 0.9333463
0.0289862 0.9718306

0.0279526 0.0120980
0.0160126 0.0500858
0.0163470 0.0919225
0.0162452 0.1345521
0.0166648 0.1870454
0.0158082 0.2275101
0.0151070 0.2689604
0.0148483 0.3104072
0.0153034 0.3488879
0.0160315 0.3846035
0.0184009 0.4226742
0.0206781 0.4676531
0.0187985 0.5093102
0.0158391 0.5450552
0.0139374 0.5839495
0.0133790 0.6248066
0.0120657 0.6634988
0.0114868 0.7017905
0.0115011 0.7404721
0.0107873 0.7803436
0.0105018 0.8184356
0.0093235 0.8555479
0.0070646 0.9051023
0.0091249 0.9413993
0.0291589 0.9749869

0.0430865 0.0230290
0.0360456 0.0649247
0.0360550 0.1030142
0.0340971 0.1533556
0.0322016 0.1930392
0.0290227 0.2382591
0.0274980 0.2874128
0.0253690 0.3347952
0.0230516 0.3770478
0.0225357 0.4232332
0.0236613 0.4717737
0.0211214 0.5231065
0.0199919 0.5663364
0.0186069 0.6145023
0.0187094 0.6642351
0.0192608 0.7147538
0.0193839 0.7670521
0.0180446 0.8209409
0.0166833 0.8720669
0.0143945 0.9178718
0.0178121 0.9579077
0.0451829 0.9867002

0.0353792 0.0000000
0.0273562 0.0482189
0.0301264 0.0995092
0.0325621 0.1458683
0.0334084 0.1963846
0.0338406 0.2504566
0.0345220 0.2988033
0.0345914 0.3443919
0.0373284 0.3915380
0.0318566 0.4267111
0.0366144 0.4683151
0.0372975 0.5168592
0.0369275 0.5628460
0.0358768 0.6159431
0.0357632 0.6755454
0.0350864 0.7385073
0.0335041 0.7989108
0.0308610 0.8557704
0.0271303 0.9057313
0.0247956 0.9458132
0.0292315 0.9840647

0.0549011 0.0247108
0.0343568 0.0566492
0.0320093 0.0951523
0.0301342 0.1374014
0.0288240 0.1764883
0.0282892 0.2203056
0.0274767 0.2662959
0.0279901 0.3120783
0.0279948 0.3495759
0.0280279 0.3906256
0.0247939 0.4289385
0.0233568 0.4705920
0.0232945 0.5181552
0.0238766 0.5540693
0.0236021 0.5935427
0.0237985 0.6365646
0.0238537 0.6803772
0.0230547 0.7464977
0.0230989 0.7889289
0.0226927 0.8303768
0.0228434 0.8676759
0.0233317 0.9103008
0.0197012 0.9543402
0.0210192 0.9900510

0.0482940 0.0470648
0.0472929 0.0879254
0.0445108 0.1274188
0.0420820 0.1742115
0.0396753 0.2237670
0.0384565 0.2742998
0.0373868 0.3250287
0.0363140 0.3753630
0.0328733 0.4247294
0.0304746 0.4752716
0.0283852 0.5275876
0.0258406 0.5783284
0.0252041 0.6278698
0.0256079 0.6783896
0.0260023 0.7277254
0.0257988 0.7760792
0.0251292 0.8214763
0.0240013 0.8649036
0.0238664 0.9033891
0.0258675 0.9507385
0.0548718 0.9808994

0.0559895 0.0501610
0.0475272 0.0987781
0.0435539 0.1368995
0.0383116 0.1823332
0.0344172 0.2303217
0.0306752 0.2789011
0.0291220 0.3245027
0.0301577 0.3617947
0.0301687 0.4000816
0.0305299 0.4452731
0.0285595 0.4940357
0.0263817 0.5353005
0.0255551 0.5795148
0.0235769 0.6272907
0.0229467 0.6776214
0.0217375 0.7293383
0.0199305 0.7800732
0.0182568 0.8290308
0.0171369 0.8734448
0.0164105 0.9117376
0.0181726 0.9476423

0.0361774 0.0260446
0.0132431 0.0542524
0.0221391 0.0968101
0.0228158 0.1445647
0.0233009 0.1867950
0.0223457 0.2333785
0.0222833 0.2809418
0.0238135 0.3247425
0.0222068 0.3636344
0.0213139 0.3995603
0.0221973 0.4362614
0.0238450 0.4763114
0.0246456 0.5211048
0.0245880 0.5692600
0.0232266 0.6203860
0.0253910 0.6697077
0.0281264 0.7166565
0.0280878 0.7671799
0.0268786 0.8188967
0.0237158 0.8660901
0.0182916 0.9071834
0.0140080 0.9433338
0.0159144 0.9788426

0.0426100 0.0372424
0.0368478 0.0730098
0.0365495 0.1095230
0.0360178 0.1537349
0.0368057 0.1969495
0.0366116 0.2464874
0.0346459 0.2958420
0.0332623 0.3442052
0.0336030 0.3868313
0.0346986 0.4316223
0.0298421 0.4699481
0.0271918 0.5074669
0.0285855 0.5526502
0.0275128 0.6029845
0.0257917 0.6460218
0.0242718 0.6957676
0.0233576 0.7474821
0.0225862 0.7986034
0.0222085 0.8436035
0.0228269 0.8840565
0.0239651 0.9341758
0.0251419 0.9706772

0.0355440 0.0390751
0.0398499 0.0794986
0.0376641 0.1197766
0.0361889 0.1935994
0.0362172 0.2340571
0.0353779 0.2766926
0.0356902 0.3157666
0.0356854 0.3520800
0.0352839 0.3941200
0.0314756 0.4344110
0.0316389 0.4732888
0.0293688 0.5214617
0.0280586 0.5605486
0.0263281 0.6024019
0.0238663 0.6450504
0.0209905 0.6912546
0.0206538 0.7413857
0.0212004 0.7913123
0.0211602 0.8416384
0.0214056 0.8907780
0.0211769 0.9359743
0.0219112 0.9724792

0.1158182 0.0423809
0.1203779 0.0776711
0.0861465 0.0951145
0.0691786 0.1315635
0.0605514 0.1780110
0.0589303 0.2151268
0.0594137 0.2571597
0.0595271 0.3082739
0.0601801 0.3530684
0.0613584 0.3897672
0.0492680 0.4273614
0.0228086 0.4573736
0.0219504 0.4976410
0.0199138 0.5381152
0.0175057 0.5874734
0.0147080 0.6249933
0.0126747 0.6658622
0.0121336 0.7088901
0.0119160 0.7554678
0.0085260 0.8111492
0.0066237 0.8683976
0.0081571 0.9125931
0.0123059 0.9518337
0.0097923 0.9879699

0.0532193 0.0357762
0.0307323 0.0645724
0.0335411 0.1022449
0.0331884 0.1504025
0.0322986 0.1867231
0.0312787 0.2252156
0.0302650 0.2644974
0.0293910 0.3027914
0.0298335 0.3396934
0.0310261 0.3781682
0.0308943 0.4170484
0.0304518 0.4539574
0.0301520 0.4902733
0.0300029 0.5269826
0.0301567 0.5646763
0.0295809 0.6033627
0.0291605 0.6430345
0.0281580 0.6836978
0.0274394 0.7229774
0.0271460 0.7600826
0.0270017 0.7973840
0.0272967 0.8342871
0.0280357 0.8713841
0.0280113 0.9236836
0.0249628 0.9667315

0.0397617 0.0315419
0.0334142 0.0679060
0.0326766 0.1048174
0.0320368 0.1539641
0.0315145 0.1993601
0.0294139 0.2502946
0.0283538 0.3022077
0.0282977 0.3505602
0.0278008 0.3991137
0.0279017 0.4486492
0.0278788 0.5011460
0.0275838 0.5380539
0.0272998 0.5763432
0.0261388 0.6156262
0.0261498 0.6539131
0.0255756 0.6927968
0.0251457 0.7312846
0.0254502 0.7693719
0.0253027 0.8062786
0.0254258 0.8585769
0.0261041 0.9065289
0.0258486 0.9483704
0.0304367 0.9872128

0.0341439 0.0300079
0.0336950 0.0661276
0.0325322 0.1052133
0.0315517 0.1486394
0.0307723 0.1987740
0.0301625 0.2516701
0.0298319 0.3025905
0.0291764 0.3497638
0.0295692 0.3989022
0.0299825 0.4506061
0.0295155 0.5029091
0.0290651 0.5388315
0.0284719 0.5753470
0.0274426 0.6126555
0.0265623 0.6501601
0.0259771 0.6876624
0.0252443 0.7251658
0.0250921 0.7614805
0.0246173 0.8127968
0.0241046 0.8593768
0.0237000 0.9010222
0.0229610 0.9377362
0.0344971 0.9784967

0.0518161 0.0263143
0.0411751 0.0607392
0.0384340 0.1053635
0.0371174 0.1436610
0.0361763 0.1920207
0.0352912 0.2289332
0.0348534 0.2664343
0.0342602 0.3029499
0.0336606 0.3386760
0.0327527 0.3911799
0.0321579 0.4274981
0.0320293 0.4667729
0.0314677 0.5072353
0.0300226 0.5479022
0.0282889 0.5893607
0.0274323 0.6298255
0.0270166 0.6700894
0.0258635 0.7103592
0.0257270 0.7486473
0.0251434 0.7863469
0.0252846 0.8224619
0.0252381 0.8719986
0.0249825 0.9138400
0.0226368 0.9525405
0.0448879 0.9867026

0.0365118 0.0309758
0.0352221 0.0726281
0.0335513 0.1219804
0.0332144 0.1721114
0.0324461 0.2236274
0.0318450 0.2591562
0.0315405 0.2948800
0.0307642 0.3454093
0.0304132 0.3937642
0.0306711 0.4444826
0.0302254 0.4809970
0.0296511 0.5198806
0.0293845 0.5603407
0.0286817 0.6015936
0.0282755 0.6430416
0.0275853 0.6858733
0.0270253 0.7265331
0.0267477 0.7656117
0.0266049 0.8031105
0.0267430 0.8388308
0.0268439 0.8883662
0.0268787 0.9296133
0.0264394 0.9669171

0.0399983 0.0242378
0.0308577 0.0618084
0.0301453 0.1018773
0.0289234 0.1520154
0.0284746 0.1881351
0.0287727 0.2254329
0.0304110 0.2642989
0.0320697 0.3057304
0.0325437 0.3465792
0.0325752 0.3874316
0.0327527 0.4280854
0.0324986 0.4701242
0.0320940 0.5117695
0.0315465 0.5540080
0.0308500 0.5960503
0.0300045 0.6378965
0.0291621 0.6801374
0.0284640 0.7219824
0.0284940 0.7626374
0.0285050 0.8009244
0.0283465 0.8364497
0.0285902 0.8853920
0.0282093 0.9299974
0.0274860 0.9686849

0.0357057 0.0408500
0.0356054 0.0836770
0.0345199 0.1324325
0.0338486 0.1776323
0.0318750 0.2260002
0.0291686 0.2749661
0.0268811 0.3209682
0.0254597 0.3645952
0.0250724 0.4084112
0.0272304 0.4569435
0.0291187 0.5086356
0.0288143 0.5443594
0.0276374 0.5816691
0.0267556 0.6189763
0.0261703 0.6564786
0.0270695 0.6951531
0.0269141 0.7310731
0.0274654 0.7815918
0.0279915 0.8289530
0.0274552 0.8725729
0.0268763 0.9108645
0.0265719 0.9465884
0.0361527 0.9826279

0.0344112 0.0450048
0.0378353 0.0858301
0.0377224 0.1270783
0.0380584 0.1691124
0.0378406 0.2156900
0.0386711 0.2642329
0.0380140 0.3112088
0.0370697 0.3591738
0.0385170 0.4110668
0.0380729 0.4477785
0.0388056 0.4840861
0.0389420 0.5196090
0.0392015 0.5705247
0.0388504 0.6188797
0.0364328 0.6670538
0.0388637 0.7128209
0.0429408 0.7615352
0.0436206 0.8096845
0.0438280 0.8540879
0.0429509 0.8919873
0.0417914 0.9314677
0.0475594 0.9703007

0.0576548 0.0185708
0.0361111 0.0546617
0.0382581 0.1018125
0.0384544 0.1448345
0.0382445 0.1923988
0.0373191 0.2427319
0.0367030 0.2948388
0.0352051 0.3473473
0.0341496 0.3998524
0.0326517 0.4523610
0.0323338 0.5048601
0.0317327 0.5403890
0.0315773 0.5763090
0.0300928 0.6120422
0.0293458 0.6477696
0.0284593 0.6844848
0.0278630 0.7206057
0.0279829 0.7725093
0.0279442 0.8230327
0.0281722 0.8700015
0.0285256 0.9142064
0.0278086 0.9536833

0.0381549 0.0335283
0.0316756 0.0718670
0.0331806 0.1125103
0.0329581 0.1584959
0.0323183 0.2076426
0.0308046 0.2581777
0.0303218 0.3085073
0.0305844 0.3598177
0.0307105 0.4125106
0.0306860 0.4648101
0.0305204 0.5179001
0.0291731 0.5708022
0.0275427 0.6067340
0.0272280 0.6596278
0.0266167 0.7123267
0.0267224 0.7624542
0.0263667 0.8102172
0.0262902 0.8560043
0.0259014 0.8996231
0.0259346 0.9406728
0.0318722 0.9822674

0.0369299 0.0463662
0.0373991 0.0866230
0.0377035 0.1247102
0.0370132 0.1675419
0.0363451 0.2131364
0.0350963 0.2599196
0.0337112 0.3080855
0.0327732 0.3568399
0.0319923 0.4067771
0.0318140 0.4582884
0.0306032 0.5098079
0.0289610 0.5627123
0.0285090 0.5984373
0.0279111 0.6343609
0.0277541 0.6700835
0.0273053 0.7062032
0.0271531 0.7425179
0.0263833 0.7938365
0.0257294 0.8412071
0.0254928 0.8854167
0.0240605 0.9276623
0.0233499 0.9679286

0.0522192 0.0213772
0.0321190 0.0535094
0.0351006 0.0943382
0.0342943 0.1411179
0.0337500 0.1837511
0.0321952 0.2291554
0.0305166 0.2775209
0.0301845 0.3282440
0.0301521 0.3795567
0.0302814 0.4326444
0.0301244 0.4683670
0.0296788 0.5048814
0.0289444 0.5421875
0.0283591 0.5796897
0.0274804 0.6173917
0.0273424 0.6554825
0.0269141 0.6941676
0.0260417 0.7326590
0.0257594 0.7711456
0.0254660 0.8082508
0.0250006 0.8607512
0.0245132 0.9104887
0.0240850 0.9491739
0.0401413 0.9833854

0.0544207 0.0199781
0.0362412 0.0524897
0.0371183 0.0884014
0.0370054 0.1296497
0.0359105 0.1772211
0.0348487 0.2289368
0.0337901 0.2810471
0.0333278 0.3339422
0.0325823 0.3698669
0.0324198 0.4233515
0.0318266 0.4598671
0.0303563 0.4973764
0.0290320 0.5346872
0.0283008 0.5723880
0.0277155 0.6098903
0.0274268 0.6475876
0.0272730 0.6837049
0.0267982 0.7350212
0.0258777 0.7859463
0.0253997 0.8368679
0.0253548 0.8866019
0.0249959 0.9339702
0.0245535 0.9708793

0.0405962 0.0252198
0.0358792 0.0625577
0.0372287 0.1022154
0.0368713 0.1497810
0.0365652 0.1853075
0.0358339 0.2230082
0.0349772 0.2634730
0.0341332 0.3055165
0.0335857 0.3477550
0.0330367 0.3897961
0.0317280 0.4290804
0.0311696 0.4699375
0.0306095 0.5105972
0.0300510 0.5514543
0.0296416 0.5925076
0.0290832 0.6333647
0.0282219 0.6732374
0.0277873 0.7111332
0.0271910 0.7472541
0.0271799 0.7827782
0.0270033 0.8344868
0.0266475 0.8822498
0.0265584 0.9264582
0.0262714 0.9643528

0.0384057 0.0280003
0.0328368 0.0694895
0.0342100 0.1121073
0.0331356 0.1622443
0.0323869 0.1977743
0.0317937 0.2342898
0.0320824 0.2704036
0.0319317 0.3069156
0.0305994 0.3432397
0.0297159 0.3803496
0.0289894 0.4186424
0.0282661 0.4573299
0.0270940 0.4952316
0.0257759 0.5333318
0.0249004 0.5714284
0.0244721 0.6101136
0.0243388 0.6487964
0.0240533 0.6868883
0.0234696 0.7245879
0.0231762 0.7616932
0.0221374 0.7978176
0.0203289 0.8483551
0.0192278 0.8951372
0.0195592 0.9365793
0.0192547 0.9723031

0.0307639 0.0316138
0.0324668 0.0785708
0.0331277 0.1243520
0.0334045 0.1774385
0.0319326 0.2147505
0.0303195 0.2528530
0.0290077 0.2917426
0.0290297 0.3314109
0.0300874 0.3714656
0.0296654 0.4109402
0.0294035 0.4519922
0.0291353 0.4922549
0.0278330 0.5323286
0.0277092 0.5721954
0.0269890 0.6112776
0.0258327 0.6511527
0.0254092 0.6904299
0.0246859 0.7291174
0.0236566 0.7664259
0.0236534 0.8029367
0.0233245 0.8540545
0.0233845 0.8984590
0.0237016 0.9381250
0.0274284 0.9799347

0.0714390 0.0267496
0.0470848 0.0618761
0.0444769 0.1047231
0.0427809 0.1509179
0.0398078 0.2034383
0.0381915 0.2411461
0.0364420 0.2806312
0.0346955 0.3205110
0.0316169 0.3598094
0.0294390 0.4010742
0.0278638 0.4439130
0.0264425 0.4875399
0.0245754 0.5307758
0.0232890 0.5728228
0.0219993 0.6144752
0.0199565 0.6541600
0.0184926 0.6924587
0.0182102 0.7309454
0.0180769 0.7696282
0.0180880 0.8079151
0.0183830 0.8448183
0.0177852 0.8807418
0.0171614 0.9318619
0.0174801 0.9717253

0.0561529 0.0152277
0.0345729 0.0467797
0.0307330 0.0831239
0.0280921 0.1218267
0.0256223 0.1634885
0.0251735 0.1996081
0.0234366 0.2406720
0.0231873 0.2833028
0.0154217 0.3267831
0.0141573 0.3715930
0.0128212 0.4258765
0.0128559 0.4671235
0.0122991 0.5081780
0.0107066 0.5488460
0.0095424 0.5877344
0.0065830 0.6234794
0.0043769 0.6611920
0.0051413 0.7014465
0.0050223 0.7419054
0.0049001 0.7819696
0.0049128 0.8204538
0.0054949 0.8563679
0.0079433 0.9043058
0.0114974 0.9429591
0.0469694 0.9703054

0.0529772 0.0239368
0.0346565 0.0572389
0.0327689 0.0979093
0.0335726 0.1430973
0.0329012 0.1882971
0.0316730 0.2376458
0.0298738 0.2893674
0.0296797 0.3389052
0.0290021 0.3833157
0.0276185 0.4316789
0.0259731 0.4841886
0.0250976 0.5222853
0.0237796 0.5603855
0.0215876 0.5998741
0.0204313 0.6397493
0.0201521 0.6786306
0.0195795 0.7177116
0.0190037 0.7563979
0.0184153 0.7935055
0.0177836 0.8436389
0.0169681 0.8892346
0.0163797 0.9263422
0.0176962 0.9618557

0.0360748 0.0501228
0.0372500 0.0864268
0.0379031 0.1312213
0.0372775 0.1821441
0.0362141 0.2336624
0.0351476 0.2847861
0.0351380 0.3205075
0.0346955 0.3574166
0.0344083 0.3953111
0.0339768 0.4336016
0.0330997 0.4715009
0.0319307 0.5097973
0.0307633 0.5482910
0.0298893 0.5865850
0.0288663 0.6246828
0.0284348 0.6629732
0.0279923 0.6998823
0.0272485 0.7360044
0.0270900 0.7715297
0.0261806 0.8238362
0.0249494 0.8727903
0.0243910 0.9136474
0.0235108 0.9511520
0.0348552 0.9863880

0.0409614 0.0524520
0.0420885 0.1011898
0.0425892 0.1453935
0.0418019 0.1945413
0.0410319 0.2458600
0.0405783 0.2813876
0.0405672 0.3169117
0.0395165 0.3700088
0.0389201 0.4061296
0.0378844 0.4426487
0.0362682 0.4803566
0.0355448 0.5190441
0.0345281 0.5579313
0.0332210 0.5974129
0.0319156 0.6370918
0.0309021 0.6763737
0.0297236 0.7134860
0.0289798 0.7496081
0.0286754 0.7853319
0.0270127 0.8356709
0.0260765 0.8846226
0.0246726 0.9304204
0.0236543 0.9691103

0.0326767 0.0310064
0.0313996 0.0742375
0.0315975 0.1174568
0.0309577 0.1666035
0.0305073 0.2025258
0.0300584 0.2386455
0.0300520 0.2747616
0.0297491 0.3106828
0.0293003 0.3468025
0.0292915 0.4010754
0.0298926 0.4393576
0.0302017 0.4780368
0.0291771 0.5159373
0.0290375 0.5538307
0.0283031 0.5911368
0.0278653 0.6286379
0.0278685 0.6659381
0.0278653 0.7024489
0.0278590 0.7385651
0.0281185 0.7894808
0.0284987 0.8370405
0.0284238 0.8830250
0.0280507 0.9286172
0.0277621 0.9663144

0.0328013 0.0465965
0.0355510 0.0953214
0.0368255 0.1440581
0.0371126 0.1799745
0.0368317 0.2186584
0.0362622 0.2581341
0.0358432 0.2980033
0.0352800 0.3382684
0.0348627 0.3783349
0.0339981 0.4178130
0.0338869 0.4592586
0.0334838 0.5011012
0.0330807 0.5429438
0.0322193 0.5828166
0.0312042 0.6219011
0.0307743 0.6603889
0.0300541 0.6994711
0.0293230 0.7371719
0.0290185 0.7728957
0.0286912 0.8242109
0.0285019 0.8743407
0.0279971 0.9219075
0.0266839 0.9605997

0.0494702 0.0281092
0.0413605 0.0654743
0.0401961 0.1043626
0.0387699 0.1473976
0.0372356 0.1953672
0.0352573 0.2431431
0.0337009 0.2883500
0.0315262 0.3300094
0.0290565 0.3716712
0.0292892 0.4192321
0.0302956 0.4713260
0.0289468 0.5240307
0.0284995 0.5603477
0.0274607 0.5964722
0.0259613 0.6487834
0.0256308 0.6997038
0.0248547 0.7502331
0.0255677 0.8025267
0.0255180 0.8516687
0.0246552 0.8913441
0.0245124 0.9288428
0.0280997 0.9716404

0.0361544 0.0785413
0.0362017 0.1213671
0.0352258 0.1653853
0.0347320 0.2143334
0.0336355 0.2617075
0.0320729 0.3061250
0.0291291 0.3438435
0.0302515 0.3919893
0.0362958 0.4284518
0.0346062 0.4754360
0.0334782 0.5188633
0.0323929 0.5676188
0.0308824 0.6185486
0.0301141 0.6700646
0.0302087 0.7188107
0.0295391 0.7642079
0.0289964 0.8070385
0.0285681 0.8457236
0.0280255 0.8885542
0.0252121 0.9241007
0.0249502 0.9651528

0.0560046 0.0335830
0.0471794 0.0737167
0.0456482 0.1220811
0.0424803 0.1686823
0.0414185 0.2203980
0.0409199 0.2687541
0.0352067 0.3106392
0.0321754 0.3558579
0.0291977 0.4077862
0.0284649 0.4452896
0.0262744 0.4849757
0.0249895 0.5272200
0.0233970 0.5678881
0.0218014 0.6081614
0.0213952 0.6496093
0.0205512 0.6916529
0.0201434 0.7329035
0.0195724 0.7721818
0.0197168 0.8086915
0.0202634 0.8586181
0.0178192 0.9034374
0.0203471 0.9428884
0.0565187 0.9654925

0.0401513 0.0433801
0.0377833 0.0793177
0.0363192 0.1176164
0.0357607 0.1584735
0.0350972 0.2046601
0.0335661 0.2530244
0.0327599 0.2998042
0.0314970 0.3448114
0.0307066 0.3935645
0.0299336 0.4444885
0.0296172 0.4971850
0.0284175 0.5500859
0.0260378 0.6029963
0.0245431 0.6558996
0.0242173 0.7074120
0.0243231 0.7575395
0.0238309 0.8066850
0.0227298 0.8534672
0.0222014 0.8980738
0.0226565 0.9365545
0.0248927 0.9764025

0.0559667 0.0288468
0.0373637 0.0637300
0.0366387 0.1022202
0.0348031 0.1494028
0.0336656 0.1916460
0.0325517 0.2368494
0.0321676 0.2810601
0.0317692 0.3234948
0.0307966 0.3679076
0.0301363 0.4144888
0.0296441 0.4636343
0.0288663 0.5139662
0.0278015 0.5652872
0.0261529 0.6174023
0.0254044 0.6529323
0.0239034 0.7050462
0.0237236 0.7563602
0.0232299 0.8053084
0.0232946 0.8503050
0.0222937 0.8911656
0.0214561 0.9339985
0.0243043 0.9766046

0.0378835 0.0364908
0.0361197 0.0741998
0.0355817 0.1176223
0.0349932 0.1547299
0.0341365 0.1951947
0.0350514 0.2358426
0.0352414 0.2780752
0.0355821 0.3207013
0.0353407 0.3643189
0.0349612 0.4091216
0.0331131 0.4547256
0.0312681 0.5007242
0.0298673 0.5469166
0.0293624 0.5944834
0.0290130 0.6430357
0.0288032 0.6906001
0.0277147 0.7389610
0.0273511 0.7857372
0.0262311 0.8301512
0.0253666 0.8696293
0.0258454 0.9110701
0.0246544 0.9466037
0.0402525 0.9788454

0.0391882 0.0520714
0.0400889 0.0909433
0.0398269 0.1319954
0.0384386 0.1797665
0.0373949 0.2152989
0.0366108 0.2648414
0.0362266 0.3090522
0.0355190 0.3497131
0.0351553 0.3964893
0.0342347 0.4474144
0.0331927 0.4831441
0.0324505 0.5194635
0.0318589 0.5561764
0.0312578 0.5917053
0.0303468 0.6438145
0.0303420 0.6801280
0.0303176 0.7324274
0.0298443 0.7839411
0.0289128 0.8334848
0.0279450 0.8784897
0.0297339 0.9177492
0.0304698 0.9544515

0.0408140 0.0155477
0.0288833 0.0547194
0.0315510 0.0931825
0.0302881 0.1381896
0.0295276 0.1906923
0.0278837 0.2433994
0.0287426 0.2954945
0.0286898 0.3442417
0.0268874 0.3955686
0.0280737 0.4332541
0.0291140 0.4711381
0.0285287 0.5086403
0.0269173 0.5469402
0.0260449 0.5854315
0.0245825 0.6239276
0.0238435 0.6606417
0.0230997 0.6967637
0.0227984 0.7328822
0.0227621 0.8021544
0.0238861 0.8504976
0.0242348 0.8941104
0.0218922 0.9332056
0.0190820 0.9691468

0.0499490 0.0326446
0.0415537 0.0711960
0.0394073 0.1164076
0.0379559 0.1562851
0.0368625 0.2040539
0.0360863 0.2545831
0.0353006 0.3039283
0.0334492 0.3491376
0.0315837 0.3925707
0.0308107 0.4434947
0.0302175 0.4800102
0.0296338 0.5177098
0.0290580 0.5563962
0.0281919 0.5956769
0.0276193 0.6347579
0.0264519 0.6732516
0.0260236 0.7119367
0.0258887 0.7504222
0.0257460 0.7879209
0.0254431 0.8238421
0.0256932 0.8735738
0.0261925 0.9175801
0.0254676 0.9560703
0.0460695 0.9868905

0.0417842 0.0261971
0.0329133 0.0606079
0.0313317 0.1026573
0.0301973 0.1452952
0.0303298 0.1987775
0.0295985 0.2364783
0.0288531 0.2724030
0.0283766 0.3235219
0.0277606 0.3756287
0.0271674 0.4121443
0.0270388 0.4514191
0.0267753 0.4922738
0.0259345 0.5347120
0.0245100 0.5779443
0.0236739 0.6209745
0.0225270 0.6620337
0.0221114 0.7022976
0.0213913 0.7413798
0.0215640 0.7814416
0.0227708 0.8216926
0.0229215 0.8589916
0.0236077 0.9079303
0.0283355 0.9457849
0.0317342 0.9834526

0.0342858 0.0477688
0.0345713 0.0834879
0.0372988 0.1294500
0.0372901 0.1837228
0.0365698 0.2228050
0.0355641 0.2630736
0.0351499 0.3035348
0.0345993 0.3453786
0.0349431 0.3883994
0.0327732 0.4306509
0.0317927 0.4740770
0.0306616 0.5171096
0.0295352 0.5607342
0.0291416 0.6037609
0.0281469 0.6454109
0.0271397 0.6854822
0.0265749 0.7255499
0.0264590 0.7664035
0.0270853 0.8078432
0.0275499 0.8475080
0.0265221 0.8850138
0.0258920 0.9353445
0.0285942 0.9781491

0.0384089 0.0283950
0.0363343 0.0641329
0.0347937 0.1113133
0.0333706 0.1547429
0.0323230 0.2082346
0.0311524 0.2463336
0.0304212 0.2840344
0.0287907 0.3199662
0.0285998 0.3698987
0.0329025 0.4099275
0.0379207 0.4471876
0.0351844 0.4924039
0.0319835 0.5348610
0.0306110 0.5846056
0.0295801 0.6217167
0.0290090 0.6609951
0.0287235 0.6990870
0.0278496 0.7373810
0.0274118 0.7748821
0.0272596 0.8111968
0.0269291 0.8621172
0.0271303 0.9057313
0.0280121 0.9422350
0.0339371 0.9822509

0.0494529 0.0259385
0.0289054 0.0574822
0.0306738 0.0941762
0.0325211 0.1407374
0.0323673 0.1768547
0.0314995 0.2159381
0.0303463 0.2562079
0.0296355 0.2964741
0.0292230 0.3371327
0.0288057 0.3771992
0.0276383 0.4156929
0.0251276 0.4522238
0.0225688 0.5011884
0.0200897 0.5416662
0.0183513 0.5825327
0.0177818 0.6220084
0.0179309 0.6591101
0.0193389 0.7060695
0.0206585 0.7419777
0.0215372 0.7780868
0.0213527 0.8288087
0.0204038 0.8761817
0.0192965 0.9221744
0.0188698 0.9610569

0.0599163 0.0246707
0.0277609 0.0434791
0.0307109 0.0803611
0.0306375 0.1265429
0.0296806 0.1729291
0.0290890 0.2096420
0.0285258 0.2499070
0.0278356 0.2927387
0.0271406 0.3349784
0.0270167 0.3748452
0.0267233 0.4119505
0.0261427 0.4500447
0.0257144 0.4887299
0.0244090 0.5284088
0.0235650 0.5704523
0.0222912 0.6140781
0.0211696 0.6582948
0.0204905 0.7025079
0.0202539 0.7467175
0.0195606 0.7891545
0.0189990 0.8296169
0.0181283 0.8683056
0.0181220 0.9044218
0.0185914 0.9446786
0.0305574 0.9838568

0.0624570 0.0287949
0.0316512 0.0503555
0.0314334 0.0969332
0.0331285 0.1429035
0.0320793 0.1961979
0.0310562 0.2342957
0.0301869 0.2731817
0.0295969 0.3100919
0.0291251 0.3618029
0.0283300 0.4099641
0.0272510 0.4595090
0.0256056 0.5120187
0.0248649 0.5485355
0.0236896 0.5860424
0.0234057 0.6243317
0.0225333 0.6628231
0.0220956 0.7003242
0.0219402 0.7362441
0.0217541 0.7867687
0.0218251 0.8325547
0.0217171 0.8743950
0.0230572 0.9128686
0.0217613 0.9537316
0.0398732 0.9867426

0.0417968 0.0277759
0.0270099 0.0602604
0.0308434 0.0969379
0.0321023 0.1437011
0.0317969 0.1977790
0.0312226 0.2366626
0.0305166 0.2775209
0.0301104 0.3189688
0.0297136 0.3616008
0.0296118 0.4042305
0.0295021 0.4458734
0.0289452 0.4869279
0.0283820 0.5271929
0.0275207 0.5670657
0.0263643 0.6069408
0.0260977 0.6474008
0.0262768 0.6882520
0.0252806 0.7297047
0.0247143 0.7695751
0.0250172 0.8074650
0.0250061 0.8429891
0.0250945 0.8909459
0.0279395 0.9331573
0.0270625 0.9710566

0.0424988 0.0417825
0.0432441 0.0796688
0.0436881 0.1167681
0.0435018 0.1672927
0.0403947 0.2030389
0.0393810 0.2423207
0.0416124 0.2815767
0.0386268 0.3325183
0.0347041 0.3769547
0.0305993 0.4170507
0.0316223 0.4527639
0.0295013 0.5011330
0.0265702 0.5404302
0.0244145 0.5844578
0.0252325 0.6314219
0.0251670 0.6785905
0.0246512 0.7247758
0.0233821 0.7689937
0.0226841 0.8108387
0.0218180 0.8501194
0.0204827 0.8860488
0.0209726 0.9288711
0.0341185 0.9680398

0.0515692 0.0138829
0.0271977 0.0468387
0.0295498 0.0827386
0.0309104 0.1237777
0.0317441 0.1727152
0.0317164 0.2246200
0.0315081 0.2723817
0.0311287 0.3171845
0.0305702 0.3580416
0.0313266 0.3973093
0.0315009 0.4375685
0.0307058 0.4857297
0.0298302 0.5238263
0.0288371 0.5656737
0.0283055 0.6098856
0.0276327 0.6548881
0.0271010 0.6991000
0.0267059 0.7419294
0.0262965 0.7829826
0.0258682 0.8216678
0.0254210 0.8579848
0.0250795 0.9075239
0.0251237 0.9499550
0.0466279 0.9829389

0.0464262 0.0348437
0.0390398 0.0704267
0.0378550 0.1067496
0.0359389 0.1438678
0.0344078 0.1922322
0.0332214 0.2283577
0.0324776 0.2644798
0.0321549 0.3163869
0.0315088 0.3647442
0.0305820 0.4148799
0.0287954 0.4681803
0.0279151 0.5056849
0.0270443 0.5443736
0.0266254 0.5842428
0.0259116 0.6241143
0.0256387 0.6637850
0.0253642 0.7032584
0.0252325 0.7421385
0.0247916 0.7792449
0.0241724 0.8309571
0.0235186 0.8783277
0.0235675 0.9213509
0.0238641 0.9584514

0.0433191 0.0336844
0.0385973 0.0704302
0.0348986 0.1059838
0.0328351 0.1431032
0.0320462 0.1920537
0.0312936 0.2455431
0.0312873 0.2816592
0.0303959 0.3177824
0.0306238 0.3647513
0.0295944 0.4020597
0.0306853 0.4462587
0.0294224 0.4912659
0.0272793 0.5368722
0.0253374 0.5891870
0.0257925 0.6276677
0.0263951 0.6661472
0.0265505 0.7040383
0.0265568 0.7417332
0.0268534 0.7788337
0.0267012 0.8151484
0.0262153 0.8650833
0.0269812 0.9055351
0.0296598 0.9453796
0.0379368 0.9843898

0.0386668 0.0422078
0.0369046 0.0801142
0.0323776 0.1227792
0.0295363 0.1733250
0.0280707 0.2114263
0.0273473 0.2501138
0.0255789 0.2872308
0.0251024 0.3383497
0.0247340 0.3845339
0.0248287 0.4332800
0.0239373 0.4694032
0.0212792 0.5059353
0.0198042 0.5428526
0.0187828 0.5811478
0.0192410 0.6200232
0.0204368 0.6588927
0.0214930 0.6987501
0.0221098 0.7390058
0.0213960 0.7788773
0.0199369 0.8177681
0.0181685 0.8548851
0.0173704 0.9026516
0.0188422 0.9391507
0.0334410 0.9755448

0.0486994 0.0608764
0.0452349 0.1072827
0.0424954 0.1521043
0.0394971 0.2014672
0.0376914 0.2523994
0.0375036 0.3027266
0.0344021 0.3576163
0.0335470 0.3982784
0.0322620 0.4405228
0.0305314 0.4823760
0.0295368 0.5240260
0.0292733 0.5648807
0.0291589 0.6059317
0.0289112 0.6487598
0.0292330 0.6890178
0.0298498 0.7292735
0.0286998 0.7699379
0.0281335 0.8098083
0.0276942 0.8471121
0.0266073 0.8956703
0.0267611 0.9333640
0.0294303 0.9720244

0.0315661 0.0396990
0.0327713 0.0797525
0.0333596 0.1164560
0.0325692 0.1652091
0.0319776 0.2019220
0.0306484 0.2386408
0.0292885 0.2899641
0.0279018 0.3379326
0.0273654 0.3815525
0.0268211 0.4241857
0.0262847 0.4678056
0.0248902 0.5147874
0.0245644 0.5662999
0.0245628 0.6030081
0.0251496 0.6395142
0.0264708 0.6756197
0.0265844 0.7267339
0.0263762 0.7744957
0.0258635 0.8210758
0.0263218 0.8599512
0.0271973 0.8956656
0.0298790 0.9359047
0.0306165 0.9728044

0.0455814 0.0214302
0.0399919 0.0603540
0.0410433 0.0996193
0.0391951 0.1452233
0.0383257 0.1841093
0.0374911 0.2273368
0.0375447 0.2709520
0.0374397 0.3131870
0.0367148 0.3516771
0.0351774 0.3992521
0.0339650 0.4505743
0.0323535 0.4888742
0.0303169 0.5293484
0.0291763 0.5711969
0.0275948 0.6132463
0.0272107 0.6574571
0.0277163 0.7022528
0.0270356 0.7462686
0.0267800 0.7881100
0.0270971 0.8277760
0.0273968 0.8652712
0.0288095 0.9128227
0.0292488 0.9493300

0.0397349 0.0281870
0.0361931 0.0649235
0.0388126 0.1158203
0.0387155 0.1590420
0.0373098 0.2046424
0.0351665 0.2502487
0.0327268 0.2956600
0.0311799 0.3420509
0.0306672 0.3886310
0.0301607 0.4360004
0.0294942 0.4817922
0.0274828 0.5254239
0.0264992 0.5684553
0.0257901 0.6089189
0.0252191 0.6481973
0.0243341 0.6851099
0.0243018 0.7364226
0.0226217 0.7845909
0.0226722 0.8278114
0.0226928 0.8672824
0.0239027 0.9079280
0.0233317 0.9472064
0.0345444 0.9844170

0.0701342 0.0480744
0.0619085 0.0893875
0.0556256 0.1338427
0.0502798 0.1848032
0.0486509 0.2209323
0.0499767 0.2576298
0.0493819 0.2939480
0.0490789 0.3298692
0.0477482 0.3663906
0.0470137 0.4036967
0.0458447 0.4419930
0.0442268 0.4795036
0.0424741 0.5185940
0.0410543 0.5624183
0.0448143 0.6083721
0.0447140 0.6511991
0.0462094 0.6906583
0.0478287 0.7271562
0.0485630 0.7636612
0.0498627 0.8155553
0.0469743 0.8601808
0.0418072 0.8965356
0.0394441 0.9330653
0.0584267 0.9642931

0.0387938 0.0396412
0.0379544 0.0822767
0.0387282 0.1237152
0.0379156 0.1697056
0.0368254 0.2178691
0.0361793 0.2662264
0.0352414 0.3149807
0.0342972 0.3629457
0.0335083 0.4118962
0.0318455 0.4622352
0.0310709 0.5129618
0.0300092 0.5646775
0.0286446 0.6154088
0.0277131 0.6649526
0.0272146 0.7133087
0.0265481 0.7591006
0.0263036 0.8023234
0.0258817 0.8417980
0.0263999 0.8881724
0.0264804 0.9351425
0.0297426 0.9741928

0.0543505 0.0296491
0.0520802 0.0778220
0.0520035 0.1236091
0.0506561 0.1765112
0.0484419 0.2132371
0.0478596 0.2511340
0.0478690 0.2892236
0.0472852 0.3269232
0.0455199 0.3644349
0.0440495 0.4019442
0.0412454 0.4386748
0.0394785 0.4759891
0.0378606 0.5134996
0.0360985 0.5514060
0.0346408 0.5904941
0.0340682 0.6295751
0.0333433 0.6680653
0.0323218 0.7063604
0.0314415 0.7438651
0.0307025 0.7805792
0.0296408 0.8322948
0.0295769 0.8796607
0.0290311 0.9220966
0.0280476 0.9651280

0.0460334 0.0226108
0.0351054 0.0580247
0.0354665 0.1032163
0.0353316 0.1417017
0.0348172 0.1880844
0.0338793 0.2368388
0.0332395 0.2859854
0.0325777 0.3323693
0.0322156 0.3793429
0.0318661 0.4278952
0.0325665 0.4786100
0.0320979 0.5307156
0.0314834 0.5830198
0.0304328 0.6361169
0.0307214 0.6722307
0.0304051 0.7249272
0.0296353 0.7762459
0.0289877 0.8244058
0.0291999 0.8694013
0.0296424 0.9063033
0.0362639 0.9411823
0.0634872 0.9699760

0.0368889 0.0412353
0.0387140 0.0850336
0.0378968 0.1304320
0.0371907 0.1712902
0.0349031 0.2172924
0.0328933 0.2611214
0.0325122 0.3057268
0.0313937 0.3503381
0.0307240 0.3957353
0.0296149 0.4415307
0.0300408 0.4948133
0.0298964 0.5321147
0.0293080 0.5692223
0.0276808 0.6055488
0.0272383 0.6424578
0.0267926 0.6789722
0.0264992 0.7160774
0.0266436 0.7525871
0.0275191 0.7883015
0.0283591 0.8380284
0.0288710 0.8836135
0.0287614 0.9252565
0.0287504 0.9607806

0.0519131 0.0199981
0.0350943 0.0566433
0.0364155 0.0927489
0.0359074 0.1399209
0.0352850 0.1912384
0.0348085 0.2423573
0.0341734 0.2920960
0.0335494 0.3432161
0.0325003 0.3965105
0.0314662 0.4332270
0.0311727 0.4703322
0.0307381 0.5082279
0.0303034 0.5461237
0.0292836 0.5846162
0.0285571 0.6229091
0.0279750 0.6608060
0.0270931 0.6981133
0.0265032 0.7350235
0.0260512 0.7707485
0.0255827 0.8228542
0.0252286 0.8708145
0.0248492 0.9156173
0.0247333 0.9564709

0.0351409 0.0440122
0.0372532 0.0868215
0.0358632 0.1343953
0.0345972 0.1790078
0.0335101 0.2275660
0.0336094 0.2769041
0.0332536 0.3246670
0.0324632 0.3734202
0.0309653 0.4259288
0.0311128 0.4628331
0.0305243 0.4999407
0.0296440 0.5374453
0.0289128 0.5751461
0.0283260 0.6124510
0.0278866 0.6497548
0.0272998 0.6870597
0.0270032 0.7237703
0.0262626 0.7602870
0.0266791 0.8123856
0.0266231 0.8607382
0.0277092 0.9043451
0.0290509 0.9430162
0.0349680 0.9820453

0.0415317 0.0315277
0.0297817 0.0748425
0.0312741 0.1139070
0.0307566 0.1598950
0.0299835 0.2108190
0.0292396 0.2469410
0.0285068 0.2844444
0.0279183 0.3215520
0.0276217 0.3582625
0.0271729 0.3943822
0.0249438 0.4476861
0.0239097 0.4844025
0.0225806 0.5211213
0.0222888 0.5584238
0.0218479 0.5955302
0.0217099 0.6336210
0.0211167 0.6701366
0.0205173 0.7058627
0.0196000 0.7571826
0.0189430 0.8041585
0.0186796 0.8450132
0.0185337 0.8821173
0.0189857 0.9202034
0.0188840 0.9628330

0.0340760 0.0215222
0.0300807 0.0568808
0.0326923 0.1067909
0.0328351 0.1431032
0.0326938 0.1807992
0.0316723 0.2190944
0.0302098 0.2575904
0.0300796 0.2966679
0.0292167 0.3363433
0.0282094 0.3764145
0.0283852 0.4168711
0.0294477 0.4575178
0.0293349 0.4987661
0.0281927 0.5404173
0.0274946 0.5822623
0.0267918 0.6235152
0.0254959 0.6643782
0.0249391 0.7054327
0.0245218 0.7454992
0.0243901 0.7843794
0.0245424 0.8218757
0.0248066 0.8733835
0.0236929 0.9185869
0.0205893 0.9547278
0.0461854 0.9829424

0.0390328 0.0510859
0.0394752 0.0879879
0.0395524 0.1345632
0.0386413 0.1866724
0.0376102 0.2237835
0.0367362 0.2620775
0.0360065 0.2999756
0.0352832 0.3386631
0.0345566 0.3769559
0.0336874 0.4158419
0.0332559 0.4541324
0.0328260 0.4926202
0.0321026 0.5313077
0.0312255 0.5692070
0.0299169 0.6084912
0.0296377 0.6473725
0.0293521 0.6854645
0.0290603 0.7227670
0.0281477 0.7746789
0.0276051 0.8175094
0.0264851 0.8619234
0.0266215 0.8974464
0.0257476 0.9357404
0.0287291 0.9765692

0.0591456 0.0205324
0.0333243 0.0566575
0.0348434 0.0990768
0.0350665 0.1454536
0.0345743 0.1945991
0.0320359 0.2461292
0.0308448 0.2816628
0.0302453 0.3173889
0.0293492 0.3529201
0.0283151 0.3896365
0.0280169 0.4261497
0.0275728 0.4628614
0.0266830 0.4991820
0.0259455 0.5360934
0.0255030 0.5730025
0.0249146 0.6101100
0.0243215 0.6466256
0.0237102 0.6993245
0.0232306 0.7500487
0.0231620 0.7968226
0.0236661 0.8414210
0.0229917 0.8862261
0.0226029 0.9298449
0.0224444 0.9653702

0.0548568 0.0560907
0.0560509 0.0947629
0.0559837 0.1417340
0.0547759 0.1936482
0.0529963 0.2293838
0.0524093 0.2666887
0.0518271 0.3045857
0.0494654 0.3413127
0.0476984 0.3786270
0.0453446 0.4163408
0.0428418 0.4538584
0.0409274 0.4911739
0.0390114 0.5282921
0.0373952 0.5660000
0.0356378 0.6044984
0.0332936 0.6433962
0.0321262 0.6818899
0.0316916 0.7197857
0.0315393 0.7561003
0.0303365 0.8086066
0.0285295 0.8593415
0.0271524 0.9084941
0.0254408 0.9527155

0.0384404 0.0323419
0.0394760 0.0696338
0.0385972 0.1073357
0.0372996 0.1480014
0.0369501 0.1965537
0.0363166 0.2464897
0.0349425 0.2960370
0.0328119 0.3432220
0.0306971 0.3923805
0.0299517 0.4283052
0.0295108 0.4654116
0.0289239 0.5027165
0.0286384 0.5408084
0.0276232 0.5798930
0.0273424 0.6185769
0.0272012 0.6562730
0.0270569 0.6935744
0.0255803 0.7302944
0.0246859 0.7660229
0.0250882 0.8163454
0.0257539 0.8627187
0.0269717 0.9043510
0.0288797 0.9400572
0.0424555 0.9776436

0.0441751 0.0115737
0.0322223 0.0479826
0.0333163 0.0925763
0.0335600 0.1415185
0.0332602 0.1778344
0.0319389 0.2155399
0.0316580 0.2542238
0.0312313 0.2931063
0.0305126 0.3323858
0.0294943 0.3710757
0.0286219 0.4095670
0.0290880 0.4494291
0.0291085 0.4889001
0.0282487 0.5289702
0.0281233 0.5686397
0.0275664 0.6096941
0.0268589 0.6503551
0.0260007 0.6906225
0.0249966 0.7310885
0.0248618 0.7695739
0.0251615 0.8070691
0.0257436 0.8429832
0.0258446 0.8925187
0.0254621 0.9369268
0.0334426 0.9757421

0.0439526 0.0206538
0.0333195 0.0560655
0.0336697 0.0998756
0.0329605 0.1403392
0.0318640 0.1877133
0.0300631 0.2392375
0.0290029 0.2911505
0.0285170 0.3410854
0.0283245 0.3908206
0.0275625 0.4431259
0.0266673 0.4972086
0.0260820 0.5347108
0.0250574 0.5726113
0.0244831 0.6114950
0.0236092 0.6497890
0.0224403 0.6880853
0.0217123 0.7261808
0.0212698 0.7630899
0.0211160 0.7992072
0.0212328 0.8507162
0.0223442 0.8974806
0.0260363 0.9349487
0.0375535 0.9733410

0.0284329 0.0906418
0.0270588 0.1401890
0.0260798 0.1838124
0.0252894 0.2325656
0.0246402 0.2805282
0.0247080 0.3259195
0.0251552 0.3634135
0.0266586 0.4038594
0.0268187 0.4423425
0.0262776 0.4853703
0.0253816 0.5209015
0.0243901 0.5629462
0.0237046 0.6063700
0.0224276 0.6496011
0.0214535 0.6938166
0.0216705 0.7394040
0.0226280 0.7853802
0.0226817 0.8289954
0.0216808 0.8698561
0.0209449 0.9069649
0.0208275 0.9476211
0.0230289 0.9831275

0.0683074 0.0409842
0.0379332 0.0611598
0.0385689 0.1037836
0.0382785 0.1412835
0.0372885 0.1835255
0.0345726 0.2313073
0.0324909 0.2846099
0.0304251 0.3398860
0.0286511 0.3947651
0.0250945 0.4480796
0.0225783 0.5023725
0.0200826 0.5592309
0.0176059 0.6184574
0.0155781 0.6784698
0.0136678 0.7347314
0.0120336 0.7886226
0.0113845 0.8365853
0.0105343 0.8778394
0.0107244 0.9200720
0.0064898 0.9623400
0.0237324 0.9973315

0.0385571 0.0469452
0.0374417 0.0919512
0.0297249 0.1415492
0.0275596 0.1843927
0.0248501 0.2329638
0.0233427 0.2842883
0.0221224 0.3346238
0.0207026 0.3784481
0.0210228 0.4185088
0.0201284 0.4542373
0.0151433 0.4949324
0.0076414 0.5344635
0.0021982 0.5731888
0.0000000 0.6118881
0.0015729 0.6610171
0.0024304 0.7129148
0.0028627 0.7669868
0.0040278 0.8204609
0.0053167 0.8709737
0.0061127 0.9151750
0.0080207 0.9508812
0.0321656 0.9820677

0.0628632 0.0242525
0.0377462 0.0562274
0.0366292 0.1010361
0.0357086 0.1519612
0.0352629 0.1884756
0.0343825 0.2259802
0.0336434 0.2626942
0.0328735 0.3140129
0.0320184 0.3546750
0.0297979 0.3906115
0.0259629 0.4275476
0.0241243 0.4743356
0.0236573 0.5266386
0.0239649 0.5651205
0.0250290 0.6059647
0.0250613 0.6653685
0.0256466 0.7016773
0.0260796 0.7373952
0.0253327 0.7731226
0.0241172 0.8240501
0.0237173 0.8662874
0.0240187 0.9039799
0.0258123 0.9438315
0.0398179 0.9798356

0.0527010 0.0632127
0.0505940 0.1133579
0.0505678 0.1654600
0.0477746 0.2035720
0.0452748 0.2414842
0.0446832 0.2781971
0.0431710 0.3289296
0.0426787 0.3780751
0.0395716 0.4138213
0.0375160 0.4519274
0.0350385 0.4926025
0.0334443 0.5330731
0.0318707 0.5761093
0.0313469 0.6213079
0.0305235 0.6659169
0.0305787 0.7097294
0.0300344 0.7523626
0.0285863 0.7926348
0.0268289 0.8311332
0.0247317 0.8824625
0.0250283 0.9195630
0.0288900 0.9597927

0.0448171 0.0180813
0.0222362 0.0535884
0.0227181 0.0954240
0.0230257 0.1339059
0.0237056 0.1820552
0.0226407 0.2333762
0.0224592 0.2844928
0.0212185 0.3322628
0.0215497 0.3737048
0.0252719 0.4149224
0.0324852 0.4499940
0.0299067 0.5149447
0.0292418 0.5609339
0.0252238 0.6118838
0.0224079 0.6655871
0.0216823 0.7224313
0.0211105 0.7800638
0.0200741 0.8349370
0.0187065 0.8852736
0.0208172 0.9278856
0.0274860 0.9686849

0.0744141 0.0667890
0.0505838 0.0936224
0.0446306 0.1424168
0.0427650 0.1858500
0.0416906 0.2359869
0.0405018 0.2902692
0.0393414 0.3481037
0.0386440 0.4085001
0.0363021 0.4661467
0.0354289 0.5229921
0.0333441 0.5759001
0.0318084 0.6236725
0.0321885 0.6712322
0.0317200 0.7233378
0.0308310 0.7782099
0.0290288 0.8295368
0.0277802 0.8763201
0.0282495 0.9165769
0.0288963 0.9605821

0.0550990 0.0310246
0.0306707 0.0568761
0.0281710 0.0947883
0.0300917 0.1320732
0.0310334 0.1760760
0.0314104 0.2232410
0.0315192 0.2737631
0.0320926 0.3270446
0.0308975 0.3805375
0.0312122 0.4383602
0.0303642 0.4983631
0.0289404 0.5601469
0.0273519 0.6197610
0.0267658 0.6756174
0.0277644 0.7267245
0.0296037 0.7722990
0.0297907 0.8141369
0.0295052 0.8522289
0.0298017 0.8893294
0.0296542 0.9262361
0.0283489 0.9659150

0.0679469 0.0512496
0.0419039 0.0781007
0.0405684 0.1140301
0.0405628 0.1686976
0.0343755 0.2066394
0.0319562 0.2546161
0.0298635 0.3065374
0.0267667 0.3620191
0.0217367 0.4155427
0.0156537 0.4665091
0.0142986 0.5184245
0.0126375 0.5689608
0.0109969 0.6220627
0.0107170 0.6792981
0.0108732 0.7357406
0.0093755 0.7882492
0.0082855 0.8364127
0.0081759 0.8780556
0.0109130 0.9252018
0.0134236 0.9624820

0.0596071 0.0228970
0.0337084 0.0493523
0.0309136 0.0872669
0.0262913 0.1364454
0.0254583 0.1798703
0.0236779 0.2339600
0.0236866 0.2904036
0.0242505 0.3425010
0.0253303 0.3853186
0.0269670 0.4239872
0.0262737 0.4664242
0.0253342 0.5149812
0.0250865 0.5578094
0.0246977 0.6014281
0.0240186 0.6456412
0.0248081 0.6890532
0.0251520 0.7320740
0.0256529 0.7762777
0.0264472 0.8202817
0.0266499 0.8640930
0.0265450 0.9063280
0.0252334 0.9452176
0.0263353 0.9907980

0.0458464 0.0545839
0.0358428 0.0949244
0.0351778 0.1409135
0.0341673 0.1805901
0.0332120 0.2271737
0.0333018 0.2753277
0.0334998 0.3185470
0.0326084 0.3546703
0.0306017 0.3988940
0.0293373 0.4437038
0.0274047 0.4972027
0.0253918 0.5406370
0.0234183 0.5890049
0.0232211 0.6381481
0.0228607 0.6853190
0.0217549 0.7315091
0.0203351 0.7753334
0.0196277 0.8159944
0.0188886 0.8527084
0.0202761 0.8971024
0.0230769 0.9337882
0.0270609 0.9708592

0.0428877 0.0350693
0.0310825 0.0714771
0.0296263 0.1107625
0.0279666 0.1614962
0.0266067 0.2128195
0.0250930 0.2633547
0.0235020 0.3042200
0.0250133 0.3456526
0.0248878 0.3853221
0.0243893 0.4336782
0.0222872 0.4844155
0.0212547 0.5213292
0.0205235 0.5590300
0.0205472 0.5988957
0.0196749 0.6373870
0.0193752 0.6737029
0.0185139 0.7135756
0.0169025 0.7518755
0.0143123 0.7968934
0.0110990 0.8377717
0.0099680 0.8808043
0.0159073 0.9225962
0.0156139 0.9597015
0.0483821 0.9809513

0.0431014 0.0433565
0.0419134 0.0792847
0.0437291 0.1218990
0.0439837 0.1722227
0.0439608 0.2247195
0.0440971 0.2602424
0.0427261 0.3101844
0.0417629 0.3557812
0.0407840 0.3994047
0.0407121 0.4457838
0.0386068 0.4961264
0.0373976 0.5478432
0.0370781 0.6001450
0.0370504 0.6520498
0.0365882 0.7049449
0.0359871 0.7404737
0.0355336 0.7760014
0.0356424 0.8265236
0.0343875 0.8725175
0.0333676 0.9110100
0.0364603 0.9472988
0.0455876 0.9819604

0.0485410 0.0225907
0.0326167 0.0604129
0.0343244 0.1079620
0.0331364 0.1438902
0.0315579 0.1863343
0.0310389 0.2321249
0.0312636 0.2786991
0.0308747 0.3223178
0.0320531 0.3590165
0.0341480 0.3996551
0.0328221 0.4367685
0.0310055 0.4863193
0.0285989 0.5358748
0.0274363 0.5749606
0.0254233 0.6183949
0.0238624 0.6630098
0.0214244 0.7086185
0.0201569 0.7530336
0.0202058 0.7960568
0.0200883 0.8367130
0.0192002 0.8732310
0.0182593 0.9215906
0.0337746 0.9619246

0.0733786 0.0294971
0.0505231 0.0675720
0.0461389 0.1096437
0.0465718 0.1453617
0.0457056 0.1846424
0.0430868 0.2261080
0.0412370 0.2715146
0.0408938 0.3208562
0.0402792 0.3731604
0.0383561 0.4278433
0.0348137 0.4829338
0.0321484 0.5370306
0.0313927 0.5901253
0.0315078 0.6414369
0.0323541 0.6919532
0.0324646 0.7426728
0.0324196 0.7924068
0.0325000 0.8393768
0.0320986 0.8814168
0.0317602 0.9313505
0.0326751 0.9719985

0.0460997 0.0308992
0.0367941 0.0663002
0.0372729 0.1077410
0.0342840 0.1582880
0.0311848 0.1950209
0.0294037 0.2305592
0.0293761 0.2824639
0.0295961 0.3284460
0.0287520 0.3704895
0.0258288 0.4107735
0.0281841 0.4470681
0.0306868 0.4833615
0.0318999 0.5244018
0.0317587 0.5620979
0.0298917 0.6053337
0.0272856 0.6483781
0.0263004 0.6912122
0.0244209 0.7328693
0.0222258 0.7719633
0.0206002 0.8084871
0.0190866 0.8590223
0.0207249 0.8978882
0.0288292 0.9337422
0.0461957 0.9657724

0.0583725 0.0345508
0.0370718 0.0641271
0.0396408 0.1087089
0.0397819 0.1448238
0.0392045 0.1833128
0.0377436 0.2220062
0.0365934 0.2626707
0.0360507 0.3055012
0.0362486 0.3487205
0.0358644 0.3929312
0.0359243 0.4373358
0.0361427 0.4831206
0.0351859 0.5295068
0.0343798 0.5762866
0.0340098 0.6222734
0.0334845 0.6672747
0.0325182 0.7124769
0.0319945 0.7576756
0.0318927 0.8003052
0.0310267 0.8395859
0.0308713 0.8755059
0.0315212 0.9199058
0.0302016 0.9578086

0.0338985 0.0546793
0.0362648 0.0923554
0.0372894 0.1282659
0.0372159 0.1744477
0.0359577 0.2200469
0.0342271 0.2619002
0.0330707 0.3017752
0.0325090 0.3422376
0.0328513 0.3850611
0.0321753 0.4296689
0.0318227 0.4778265
0.0319220 0.5271646
0.0314408 0.5776915
0.0309691 0.6294025
0.0316411 0.6765652
0.0312680 0.7221573
0.0304572 0.7683451
0.0296605 0.8163089
0.0292796 0.8609143
0.0289751 0.8966382
0.0319235 0.9333228
0.0330955 0.9692321

0.0565638 0.0481828
0.0437040 0.0818361
0.0426295 0.1319730
0.0414746 0.1720454
0.0400949 0.2393547
0.0388462 0.2861380
0.0372914 0.3315422
0.0366153 0.3761500
0.0359346 0.4201658
0.0354045 0.4645750
0.0347253 0.5087881
0.0344855 0.5526030
0.0332037 0.5952421
0.0327896 0.6357033
0.0325088 0.6743873
0.0323549 0.7105046
0.0317168 0.7598487
0.0303909 0.7969622
0.0307127 0.8372202
0.0307285 0.8760991
0.0321956 0.9120062
0.0313374 0.9522736
0.0517870 0.9825029

0.0487484 0.0300886
0.0284148 0.0699196
0.0323255 0.1162669
0.0324856 0.1547499
0.0319429 0.1975805
0.0321739 0.2449440
0.0319798 0.2944818
0.0322298 0.3442134
0.0332141 0.3935445
0.0325618 0.4411124
0.0311593 0.4871075
0.0296093 0.5331038
0.0286620 0.5806741
0.0296432 0.6296105
0.0287054 0.6783648
0.0274788 0.7279109
0.0269772 0.7758724
0.0248042 0.8177292
0.0231802 0.8544503
0.0213653 0.9041985
0.0208180 0.9464370
0.0237742 0.9841083

0.0295964 0.0332020
0.0208763 0.0680063
0.0231913 0.1177214
0.0258329 0.1713810
0.0261626 0.2126257
0.0254740 0.2556547
0.0258210 0.2990702
0.0255954 0.3446612
0.0261136 0.3910356
0.0252980 0.4366313
0.0247774 0.4822246
0.0241093 0.5278191
0.0233063 0.5749936
0.0225207 0.6243388
0.0224773 0.6742701
0.0224371 0.7245962
0.0220862 0.7729512
0.0215404 0.8153870
0.0212407 0.8517029
0.0216974 0.8903809
0.0243413 0.9258839
0.0269024 0.9694790

0.0366246 0.0266331
0.0218583 0.0616830
0.0260310 0.1038838
0.0264238 0.1530222
0.0259796 0.1897339
0.0268804 0.2286058
0.0279350 0.2682658
0.0279554 0.3077368
0.0281250 0.3474039
0.0281344 0.3854935
0.0276903 0.4222052
0.0281375 0.4596992
0.0285911 0.4979826
0.0286100 0.5372562
0.0280436 0.5771266
0.0279245 0.6175855
0.0279497 0.6576485
0.0276658 0.6959378
0.0284979 0.7446780
0.0294097 0.7849313
0.0290193 0.8283527
0.0287874 0.8731543
0.0282069 0.9112486
0.0288490 0.9546618

0.0322768 0.0363382
0.0253897 0.0790221
0.0268166 0.1283496
0.0271384 0.1686076
0.0276298 0.2116272
0.0263653 0.2564370
0.0262903 0.3024215
0.0265104 0.3484036
0.0268684 0.3932005
0.0275199 0.4377977
0.0275877 0.4831890
0.0266199 0.5281938
0.0244816 0.5743921
0.0224876 0.6201946
0.0215277 0.6661862
0.0202586 0.7104040
0.0200173 0.7540215
0.0203533 0.7960556
0.0221532 0.8366965
0.0236172 0.8722089
0.0245069 0.9096994
0.0258533 0.9489624
0.0438145 0.9815799

0.0367627 0.0254478
0.0329275 0.0623840
0.0350130 0.1018384
0.0352456 0.1493993
0.0355161 0.2016964
0.0371077 0.2531935
0.0384557 0.2926538
0.0383555 0.3354808
0.0372337 0.3796975
0.0362059 0.4172033
0.0353745 0.4608255
0.0347537 0.5123403
0.0338608 0.5482662
0.0329757 0.5851788
0.0328267 0.6218881
0.0313406 0.6574241
0.0308642 0.7085430
0.0303073 0.7495975
0.0301882 0.7900563
0.0305479 0.8350506
0.0301385 0.8761039
0.0301780 0.9179430
0.0355162 0.9583582

0.0609054 0.0376883
0.0287264 0.0535365
0.0290198 0.0902424
0.0307353 0.1387781
0.0304592 0.1780541
0.0300419 0.2181206
0.0288902 0.2585878
0.0287710 0.2990466
0.0293831 0.3387102
0.0292482 0.3771957
0.0314749 0.4158596
0.0316302 0.4537506
0.0303043 0.4908641
0.0285129 0.5435724
0.0280286 0.5937046
0.0275538 0.6450209
0.0266704 0.6821309
0.0255219 0.7229927
0.0243830 0.7650386
0.0233979 0.8078726
0.0219513 0.8483421
0.0201412 0.8986823
0.0222567 0.9418863
0.0337391 0.9759371

0.0423970 0.0475066
0.0393372 0.0891731
0.0371640 0.1310299
0.0349426 0.1853204
0.0346760 0.2257805
0.0352959 0.2664308
0.0351767 0.3068897
0.0351782 0.3439925
0.0373536 0.3946955
0.0368582 0.4434464
0.0359684 0.4797669
0.0346724 0.5206299
0.0338442 0.5646469
0.0327289 0.6096529
0.0316104 0.6542642
0.0313832 0.6996578
0.0315954 0.7446533
0.0306260 0.7894608
0.0289049 0.8324981
0.0274615 0.8733623
0.0276564 0.9161869
0.0306110 0.9536609

0.0525426 0.0249270
0.0399762 0.0583805
0.0340728 0.0949385
0.0285511 0.1423480
0.0266809 0.1851891
0.0252973 0.2335523
0.0233222 0.2817229
0.0229333 0.3253416
0.0239658 0.3622389
0.0265127 0.4040579
0.0314165 0.4454634
0.0304738 0.4936257
0.0294808 0.5354731
0.0286841 0.5834369
0.0280444 0.6325836
0.0275617 0.6829132
0.0281177 0.7340239
0.0277746 0.7833655
0.0263849 0.8309394
0.0249667 0.8749611
0.0243799 0.9122660
0.0235265 0.9531255
0.0416399 0.9863338

0.0379301 0.0238596
0.0295475 0.0639898
0.0317071 0.1127194
0.0305231 0.1675937
0.0299898 0.2116083
0.0288791 0.2572064
0.0286472 0.3020080
0.0282488 0.3444426
0.0290005 0.3831183
0.0296078 0.4221899
0.0293759 0.4669915
0.0279766 0.5133813
0.0263730 0.5526679
0.0250976 0.5960963
0.0242962 0.6434681
0.0239610 0.6937965
0.0237575 0.7421503
0.0236684 0.7863587
0.0228118 0.8268235
0.0226660 0.8639275
0.0225674 0.9069519

0.0328715 0.0369255
0.0215183 0.0745139
0.0257462 0.1236216
0.0254748 0.1634896
0.0249574 0.2094776
0.0256467 0.2588110
0.0286977 0.3083229
0.0310017 0.3566567
0.0313644 0.4020456
0.0300874 0.4452767
0.0280744 0.4887110
0.0256253 0.5329383
0.0237930 0.5805157
0.0231596 0.6304517
0.0233986 0.6788020
0.0236124 0.7239947
0.0246812 0.7654309
0.0252806 0.8035158
0.0240478 0.8522725
0.0232134 0.8955001
0.0226297 0.9331997
0.0229295 0.9706949

0.0326648 0.0479791
0.0374180 0.0889911
0.0364249 0.1308384
0.0340245 0.1811833
0.0327285 0.2220463
0.0323458 0.2664544
0.0325343 0.3084896
0.0322298 0.3442134
0.0319710 0.3856602
0.0308336 0.4279034
0.0316057 0.4691446
0.0308935 0.5092135
0.0292086 0.5567897
0.0284356 0.6077136
0.0281375 0.6442268
0.0274142 0.6829143
0.0266972 0.7223912
0.0265576 0.7602846
0.0259566 0.7958135
0.0251899 0.8475268
0.0248421 0.8962765
0.0249881 0.9329835
0.0253052 0.9726495

0.0702076 0.0387981
0.0522592 0.0817677
0.0467486 0.1305586
0.0387927 0.1687118
0.0342910 0.2145343
0.0299669 0.2641051
0.0285754 0.3114816
0.0270049 0.3549124
0.0271824 0.3955663
0.0285367 0.4358160
0.0272470 0.4774684
0.0244918 0.5203166
0.0224962 0.5659217
0.0205117 0.6129082
0.0192773 0.6614676
0.0186535 0.7125877
0.0190668 0.7642916
0.0190266 0.8146177
0.0187948 0.8594193
0.0174910 0.8992956
0.0169816 0.9462703
0.0498002 0.9738352

0.0407201 0.0222585
0.0407295 0.0603481
0.0435272 0.0966391
0.0439073 0.1441988
0.0439277 0.1836698
0.0444127 0.2259000
0.0441665 0.2689255
0.0443534 0.3107634
0.0431843 0.3490598
0.0426905 0.3980079
0.0410056 0.4455841
0.0397979 0.4974983
0.0386147 0.5340186
0.0368446 0.5709383
0.0364084 0.6086367
0.0358279 0.6467310
0.0352520 0.6854173
0.0343844 0.7245007
0.0348411 0.7631788
0.0347014 0.8010722
0.0341036 0.8369957
0.0336224 0.8875226
0.0334907 0.9264028
0.0345231 0.9633001

0.0464057 0.0322782
0.0331144 0.0673164
0.0356882 0.1124902
0.0340458 0.1653947
0.0326070 0.2068509
0.0316312 0.2508690
0.0310885 0.2936995
0.0303793 0.3341631
0.0297988 0.3722574
0.0292135 0.4097596
0.0280382 0.4472666
0.0276035 0.4851624
0.0277715 0.5246322
0.0272067 0.5646999
0.0266404 0.6045703
0.0278409 0.6440318
0.0280089 0.6835017
0.0277423 0.7239617
0.0270332 0.7644253
0.0263210 0.8044942
0.0254455 0.8425909
0.0249999 0.8791053
0.0259464 0.9237001
0.0259559 0.9617897

0.0362917 0.0588047
0.0350540 0.1069694
0.0359295 0.1426837
0.0366922 0.1827408
0.0362811 0.2235967
0.0369058 0.2648391
0.0370895 0.3062823
0.0377110 0.3471300
0.0374412 0.3871953
0.0368653 0.4258816
0.0362847 0.4639759
0.0340706 0.5007018
0.0319977 0.5366371
0.0300739 0.5727686
0.0294886 0.6102708
0.0289065 0.6481678
0.0272935 0.6862704
0.0253855 0.7243753
0.0248034 0.7622722
0.0245021 0.7983907
0.0237323 0.8497094
0.0236653 0.8966806
0.0240968 0.9322012
0.0226566 0.9734601

0.0565599 0.0292367
0.0378125 0.0645158
0.0392535 0.1156194
0.0391012 0.1519341
0.0380875 0.1912160
0.0372229 0.2306940
0.0375337 0.2695706
0.0370895 0.3062823
0.0337947 0.3554502
0.0322400 0.4008544
0.0276162 0.4498356
0.0264361 0.4867506
0.0255685 0.5258339
0.0250021 0.5657043
0.0241377 0.6051824
0.0229735 0.6440708
0.0240312 0.6841255
0.0242087 0.7247794
0.0231999 0.7646533
0.0230698 0.8037308
0.0226273 0.8406399
0.0237734 0.8917458
0.0240794 0.9300304
0.0227914 0.9718801

0.0419490 0.0283667
0.0274730 0.0628223
0.0317647 0.1014697
0.0325574 0.1452763
0.0324650 0.1890900
0.0325470 0.2362573
0.0324941 0.2850046
0.0330533 0.3365100
0.0327290 0.3882198
0.0341827 0.4409021
0.0341968 0.4795837
0.0336494 0.5218222
0.0335508 0.5648466
0.0331556 0.6076759
0.0326097 0.6501118
0.0320607 0.6921529
0.0313627 0.7339979
0.0312420 0.7742595
0.0311071 0.8127449
0.0309565 0.8492569
0.0317618 0.8946423
0.0326467 0.9315408
0.0400593 0.9731236

0.0406262 0.0289693
0.0345003 0.0746075
0.0350185 0.1209819
0.0339985 0.1594744
0.0327040 0.2005347
0.0314064 0.2412004
0.0302579 0.2820622
0.0291157 0.3237133
0.0281400 0.3677315
0.0276256 0.4141142
0.0266909 0.4632632
0.0254660 0.5130066
0.0243822 0.5619595
0.0234491 0.6113059
0.0226572 0.6598617
0.0215608 0.7072359
0.0210355 0.7522372
0.0209243 0.7936828
0.0200504 0.8319768
0.0192838 0.8836901
0.0201783 0.9217727
0.0215105 0.9592596
0.0419538 0.9886996

0.0507504 0.0221783
0.0266582 0.0531584
0.0267102 0.0965762
0.0265800 0.1356537
0.0257612 0.1808546
0.0229136 0.2306110
0.0217028 0.2821305
0.0197387 0.3316825
0.0178717 0.3749183
0.0164976 0.4244656
0.0159834 0.4708483
0.0158020 0.5219649
0.0152262 0.5606512
0.0158352 0.5999201
0.0173543 0.6423395
0.0181455 0.6859488
0.0186464 0.7301525
0.0190061 0.7751467
0.0208455 0.8207212
0.0228292 0.8658998
0.0233301 0.9101035
0.0248643 0.9728504

0.0735868 0.0555463
0.0447049 0.0778809
0.0345192 0.1138811
0.0269388 0.1620964
0.0267526 0.2126210
0.0273355 0.2670865
0.0291031 0.3221346
0.0293862 0.3760104
0.0293680 0.4290993
0.0266807 0.4804332
0.0235587 0.5327574
0.0213202 0.5848772
0.0196686 0.6365977
0.0181755 0.6896983
0.0175705 0.7431865
0.0165152 0.7956916
0.0151318 0.8440548
0.0125117 0.8853231
0.0105848 0.9210599
0.0095950 0.9633020

0.0516339 0.0219739
0.0260429 0.0500056
0.0190178 0.0938747
0.0209078 0.1457641
0.0208012 0.1878017
0.0182093 0.2326222
0.0166562 0.2782238
0.0169922 0.3202578
0.0178882 0.3585377
0.0192536 0.4001688
0.0213218 0.4374525
0.0232487 0.4755268
0.0208816 0.5300159
0.0194666 0.5744322
0.0175042 0.6241815
0.0146852 0.6774901
0.0134982 0.7319698
0.0128886 0.7848660
0.0126835 0.8330225
0.0127325 0.8760456
0.0124328 0.9123615
0.0137935 0.9534006
0.0351549 0.9869777

0.0407485 0.0258107
0.0360235 0.0621619
0.0338124 0.0992824
0.0298148 0.1527977
0.0278285 0.1995869
0.0246907 0.2499377
0.0240526 0.2992817
0.0247151 0.3452603
0.0278236 0.3835224
0.0329735 0.4188079
0.0329798 0.4565028
0.0302814 0.5064554
0.0292867 0.5481054
0.0281398 0.5891646
0.0260173 0.6373363
0.0235698 0.6817609
0.0209275 0.7202664
0.0184973 0.7668618
0.0180502 0.8031789
0.0171763 0.8414729
0.0181993 0.8771861
0.0198202 0.9138813
0.0190812 0.9505954
0.0294137 0.9884051

0.0328652 0.0361362
0.0291886 0.0744526
0.0278799 0.1137368
0.0273955 0.1638690
0.0249148 0.2041494
0.0225862 0.2450206
0.0210236 0.2894381
0.0207696 0.3314769
0.0184869 0.3780711
0.0173243 0.4171568
0.0187165 0.4621428
0.0173858 0.4986642
0.0165340 0.5397210
0.0142482 0.5859206
0.0127409 0.6372451
0.0122961 0.6923109
0.0126030 0.7491469
0.0115871 0.8065856
0.0109917 0.8612579
0.0099033 0.9096188
0.0092212 0.9534372
0.0108374 0.9895404

0.0548663 0.0572748
0.0507313 0.0936212
0.0448878 0.1376782
0.0420772 0.1736194
0.0393810 0.2423207
0.0375581 0.2910822
0.0348154 0.3355091
0.0351325 0.3751751
0.0359125 0.4174030
0.0286802 0.4537742
0.0266562 0.4958272
0.0250653 0.5366925
0.0243356 0.5745906
0.0243735 0.6162324
0.0251804 0.6618151
0.0257034 0.7087816
0.0252033 0.7569404
0.0241148 0.8053013
0.0237591 0.8530642
0.0233798 0.8978670
0.0231132 0.9383271
0.0255000 0.9785686

0.0319549 0.0329858
0.0191456 0.0729540
0.0203059 0.1258360
0.0188971 0.1710417
0.0178322 0.2223627
0.0176871 0.2780182
0.0181414 0.3348530
0.0196093 0.3893114
0.0212011 0.4408085
0.0211656 0.4917266
0.0207081 0.5452136
0.0195352 0.6014694
0.0196899 0.6577146
0.0205741 0.7129671
0.0201088 0.7654674
0.0187064 0.8114625
0.0182655 0.8485690
0.0176914 0.8874526
0.0139977 0.9235983
0.0111157 0.9690132

0.0531799 0.0308426
0.0434271 0.0656551
0.0408130 0.1077127
0.0372870 0.1464226
0.0333611 0.1904643
0.0309529 0.2398225
0.0292806 0.2889774
0.0286188 0.3353613
0.0290865 0.3754208
0.0290005 0.4200238
0.0262421 0.4624774
0.0244240 0.5118308
0.0237149 0.5522944
0.0218684 0.5980957
0.0205117 0.6498138
0.0198973 0.7021179
0.0200109 0.7532322
0.0189335 0.8029744
0.0182845 0.8509371
0.0183271 0.8931709
0.0186127 0.9288900
0.0179021 0.9691563

0.0561719 0.0175958
0.0388695 0.0491137
0.0312576 0.0933822
0.0269459 0.1445317
0.0258164 0.1877616
0.0252831 0.2317762
0.0263708 0.2755805
0.0292238 0.3187786
0.0327732 0.3568399
0.0379657 0.3974536
0.0367872 0.4345659
0.0323093 0.4833486
0.0278094 0.5293684
0.0243972 0.5822870
0.0235216 0.6203837
0.0229474 0.6592674
0.0238435 0.6975472
0.0247411 0.7360244
0.0251899 0.7737158
0.0244185 0.8248371
0.0233017 0.8696458
0.0223213 0.9130719
0.0199520 0.9488122
0.0258675 0.9876440

0.0560330 0.0371352
0.0412461 0.0696196
0.0421642 0.1106623
0.0407016 0.1491583
0.0397416 0.1951499
0.0389511 0.2439030
0.0391885 0.2920559
0.0379193 0.3362737
0.0363030 0.3739816
0.0335162 0.4128829
0.0312003 0.4553329
0.0299706 0.5044843
0.0286186 0.5567944
0.0279789 0.6059411
0.0292835 0.6584273
0.0288024 0.7089542
0.0274583 0.7622510
0.0263999 0.8143614
0.0260284 0.8601509
0.0260268 0.8968591
0.0209024 0.9385421
0.0485367 0.9633854

0.0516930 0.0478270
0.0291965 0.0754393
0.0315991 0.1176542
0.0308134 0.1669994
0.0292854 0.2157584
0.0272188 0.2524831
0.0261831 0.2890022
0.0261538 0.3407096
0.0295810 0.3819295
0.0322849 0.4249315
0.0306719 0.4630340
0.0267130 0.5029315
0.0246480 0.5398535
0.0238198 0.5838705
0.0220127 0.6346054
0.0218637 0.6713147
0.0220175 0.7090084
0.0221666 0.7461101
0.0234602 0.7972149
0.0238073 0.8406304
0.0230982 0.8810940
0.0168908 0.9164703
0.0198849 0.9588779

0.0289733 0.0290625
0.0306116 0.0679284
0.0308316 0.1139105
0.0303472 0.1640428
0.0302091 0.2021335
0.0302327 0.2419992
0.0312778 0.2804752
0.0321565 0.3165842
0.0331392 0.3657179
0.0330453 0.4093343
0.0316018 0.4501985
0.0311112 0.4995413
0.0299130 0.5526396
0.0290248 0.5891575
0.0285744 0.6250798
0.0288229 0.6746141
0.0256237 0.7172686
0.0213842 0.7589445
0.0211286 0.8007860
0.0239768 0.8433921
0.0238404 0.8816802
0.0262603 0.9260659
0.0258352 0.9651457

0.0307923 0.0351660
0.0220831 0.0713517
0.0227062 0.1123966
0.0219813 0.1508868
0.0224963 0.1968665
0.0221201 0.2420640
0.0223228 0.2858753
0.0230934 0.3269192
0.0239878 0.3650017
0.0254037 0.4129478
0.0250527 0.4613027
0.0235516 0.5134166
0.0223748 0.5507263
0.0219496 0.5898061
0.0229948 0.6282821
0.0235911 0.6659723
0.0237622 0.7058368
0.0242252 0.7453042
0.0243996 0.7855634
0.0248626 0.8250309
0.0248610 0.8617391
0.0243673 0.9106873
0.0239690 0.9531219

0.0260500 0.0324409
0.0303418 0.0710883
0.0309696 0.1127253
0.0288658 0.1632652
0.0278601 0.2035338
0.0274538 0.2449817
0.0264449 0.2848556
0.0264591 0.3235372
0.0261562 0.3594584
0.0265379 0.4072154
0.0258935 0.4557700
0.0264882 0.4932629
0.0262058 0.5317495
0.0247482 0.5708376
0.0240438 0.6118932
0.0233426 0.6533435
0.0232188 0.6932104
0.0235248 0.7314949
0.0233789 0.7685990
0.0236692 0.8049101
0.0240731 0.8554300
0.0248295 0.8946977
0.0254148 0.9310065
0.0264472 0.9679038

0.0475549 0.0468733
0.0456326 0.0832021
0.0350547 0.1255208
0.0286245 0.1699772
0.0277426 0.2072845
0.0279011 0.2455702
0.0287924 0.2832580
0.0295235 0.3193682
0.0315246 0.3667176
0.0342427 0.4114956
0.0330082 0.4600550
0.0300850 0.5003389
0.0263336 0.5477343
0.0250156 0.5858345
0.0254943 0.6272754
0.0261317 0.6700965
0.0273511 0.7119261
0.0275159 0.7510013
0.0273763 0.7888947
0.0270537 0.8408018
0.0290075 0.8822309
0.0329788 0.9177232
0.0282511 0.9536798

0.0235354 0.0131201
0.0204393 0.0502477
0.0194588 0.0936738
0.0198800 0.1463644
0.0206869 0.1919471
0.0207768 0.2401012
0.0208477 0.2858871
0.0219228 0.3281127
0.0240699 0.3752635
0.0264204 0.4109661
0.0244059 0.4542031
0.0221090 0.4990212
0.0203051 0.5501508
0.0195770 0.5882462
0.0197324 0.6261373
0.0188617 0.6648260
0.0188680 0.7025209
0.0194691 0.7408031
0.0197688 0.7782983
0.0193295 0.8156020
0.0185645 0.8675127
0.0184565 0.9093530
0.0182057 0.9517865
0.0496985 0.9795593

0.0674231 0.0595427
0.0373944 0.0860309
0.0369644 0.1245187
0.0360856 0.1622207
0.0359933 0.2060344
0.0360579 0.2510310
0.0359655 0.2948447
0.0359939 0.3353023
0.0371383 0.3862110
0.0369032 0.4306179
0.0348713 0.4716841
0.0304983 0.5151373
0.0267390 0.5615460
0.0242150 0.6148522
0.0231825 0.6517660
0.0227495 0.6898591
0.0235027 0.7287321
0.0242402 0.7656318
0.0245258 0.8013509
0.0256655 0.8516675
0.0276414 0.8958594
0.0286991 0.9359142
0.0344782 0.9761285

0.0279597 0.0314388
0.0283304 0.0778145
0.0284486 0.1295207
0.0283358 0.1707689
0.0270965 0.2187363
0.0267739 0.2706434
0.0266113 0.3241281
0.0251134 0.3766366
0.0244911 0.4279541
0.0238624 0.4784822
0.0224978 0.5292135
0.0212823 0.5801410
0.0213770 0.6288871
0.0225073 0.6780197
0.0228875 0.7255794
0.0223685 0.7713701
0.0228844 0.8359013
0.0218457 0.8720257
0.0194763 0.9077660
0.0160934 0.9458827
0.0158080 0.9839747

0.0314011 0.0744349
0.0315407 0.1103525
0.0312070 0.1608782
0.0307928 0.2013394
0.0300915 0.2427897
0.0289335 0.2824675
0.0286401 0.3195727
0.0275279 0.3649734
0.0273930 0.4034588
0.0259716 0.4470858
0.0262650 0.4837916
0.0257239 0.5268195
0.0248862 0.5696524
0.0242150 0.6148522
0.0235548 0.6614334
0.0237812 0.7082049
0.0239870 0.7524110
0.0236045 0.7968191
0.0234760 0.8360939
0.0243941 0.8771366
0.0260276 0.9154105
0.0273724 0.9544762
0.0332722 0.9913346

0.0142709 0.0167466
0.0365157 0.0499219
0.0425570 0.0859897
0.0458028 0.1414207
0.0459991 0.1844426
0.0466600 0.2302239
0.0464406 0.2766042
0.0463529 0.3210099
0.0453408 0.3604892
0.0445519 0.4094397
0.0436045 0.4570100
0.0411569 0.5014346
0.0391029 0.5397380
0.0337132 0.5851729
0.0337369 0.6250386
0.0348419 0.6710136
0.0358120 0.7185686
0.0364793 0.7651392
0.0355115 0.8101441
0.0352528 0.8515909
0.0350666 0.9021154
0.0334647 0.9415994
0.0599253 0.9672415

0.0566522 0.0223285
0.0212107 0.0360320
0.0211720 0.0865553
0.0241300 0.1244240
0.0249290 0.1690200
0.0251806 0.2189489
0.0253162 0.2728259
0.0254629 0.3280844
0.0253209 0.3841345
0.0256166 0.4395891
0.0263391 0.4930667
0.0263020 0.5437874
0.0259479 0.5917477
0.0264566 0.6369381
0.0266546 0.6801574
0.0275806 0.7221868
0.0280373 0.7608649
0.0294105 0.8034827
0.0289601 0.8394051
0.0296164 0.8845943
0.0298238 0.9289977
0.0314652 0.9682584

0.0545572 0.0185955
0.0401300 0.0591687
0.0375316 0.1031998
0.0358829 0.1553149
0.0349947 0.1918328
0.0348566 0.2299235
0.0339889 0.2690069
0.0328293 0.3084873
0.0309354 0.3483682
0.0290494 0.3892360
0.0285067 0.4320665
0.0278275 0.4762796
0.0269993 0.5202965
0.0258729 0.5639211
0.0259297 0.6079310
0.0262752 0.6511492
0.0268889 0.6910101
0.0251173 0.7277325
0.0245061 0.7804313
0.0252191 0.8327249
0.0242482 0.8773351
0.0229381 0.9164220
0.0238121 0.9519391

0.0417565 0.0411964
0.0270091 0.0786144
0.0292595 0.1202385
0.0294701 0.1650365
0.0291269 0.2143782
0.0275027 0.2510993
0.0255883 0.2884149
0.0262004 0.3280785
0.0254991 0.3695288
0.0243664 0.4123640
0.0239807 0.4563774
0.0244832 0.5007784
0.0233726 0.5463765
0.0231564 0.5931515
0.0227960 0.6403224
0.0234806 0.6890638
0.0232756 0.7372203
0.0229057 0.7832071
0.0216240 0.8258462
0.0207312 0.8617721
0.0195844 0.9028313
0.0178066 0.9387642
0.0182633 0.9774423

0.0506834 0.0322440
0.0406829 0.0729792
0.0399453 0.1098906
0.0365076 0.1596517
0.0327214 0.2027055
0.0324453 0.2419815
0.0281945 0.2822760
0.0238340 0.3273080
0.0210788 0.3701562
0.0247585 0.4060455
0.0262413 0.4439259
0.0242536 0.4905178
0.0222060 0.5296106
0.0207846 0.5732375
0.0202625 0.6186335
0.0210852 0.6661897
0.0213037 0.7119745
0.0212114 0.7557882
0.0206562 0.7970400
0.0206657 0.8351296
0.0209331 0.8870320
0.0224759 0.9324115
0.0245440 0.9696952

0.0408408 0.0189025
0.0254655 0.0515891
0.0271259 0.0932178
0.0264924 0.1431539
0.0257580 0.1804600
0.0241480 0.2189572
0.0240210 0.2584293
0.0240336 0.2969136
0.0243365 0.3348035
0.0263565 0.3845209
0.0252128 0.4259748
0.0237851 0.4688124
0.0226934 0.5167785
0.0217761 0.5680984
0.0207562 0.6065909
0.0194603 0.6474539
0.0184689 0.6894986
0.0186559 0.7313365
0.0183956 0.7725859
0.0179752 0.8122578
0.0181259 0.8495569
0.0173498 0.9000861
0.0163095 0.9360132
0.0210720 0.9782093

0.0484834 0.0338404
0.0424703 0.0751358
0.0421428 0.1264509
0.0415653 0.1649399
0.0399743 0.2058052
0.0379407 0.2466741
0.0360452 0.2863577
0.0361974 0.3238541
0.0386204 0.3686345
0.0371517 0.4063411
0.0358430 0.4456254
0.0337812 0.4829421
0.0314763 0.5267735
0.0302324 0.5741488
0.0288505 0.6227094
0.0280617 0.6716599
0.0287827 0.7249402
0.0286154 0.7778329
0.0278472 0.8293489
0.0279024 0.8731614
0.0291029 0.9126230
0.0213173 0.9535378
0.0365092 0.9903219

0.0321734 0.0418650
0.0335419 0.0838908
0.0321047 0.1255444
0.0304805 0.1622655
0.0289021 0.2047096
0.0279137 0.2471489
0.0278009 0.2883972
0.0279641 0.3272749
0.0283521 0.3758213
0.0265963 0.4145171
0.0212303 0.4629121
0.0193128 0.4998330
0.0184767 0.5428632
0.0184318 0.5925972
0.0185596 0.6454875
0.0182449 0.6983814
0.0188073 0.7502815
0.0193603 0.8009975
0.0197436 0.8489519
0.0195055 0.8929641
0.0192011 0.9286879
0.0252705 0.9683079

0.0609993 0.0309775
0.0366340 0.0647226
0.0360629 0.1040010
0.0361937 0.1572859
0.0359049 0.1949832
0.0338619 0.2346680
0.0314300 0.2810660
0.0297625 0.3308130
0.0291259 0.3803543
0.0293680 0.4290993
0.0272454 0.4772710
0.0239271 0.5234788
0.0213415 0.5690886
0.0190604 0.6158802
0.0179609 0.6628596
0.0165538 0.7082627
0.0155892 0.7536622
0.0147626 0.7978765
0.0128910 0.8405203
0.0114492 0.8815819
0.0098205 0.9177110
0.0073511 0.9593728
0.0167986 0.9971896

0.0654659 0.0915299
0.0536718 0.1293191
0.0516334 0.1695959
0.0486572 0.2217216
0.0455927 0.2627961
0.0446074 0.3056302
0.0445166 0.3496412
0.0426242 0.3897195
0.0429759 0.4337270
0.0430484 0.4797103
0.0395415 0.5207883
0.0369511 0.5658062
0.0352553 0.6120009
0.0350154 0.6558158
0.0333030 0.7183913
0.0322847 0.7570812
0.0316868 0.7930047
0.0294168 0.8411777
0.0297434 0.8820277
0.0262114 0.9199482
0.0239193 0.9653584

0.0462155 0.0638566
0.0419993 0.1084927
0.0348441 0.1545337
0.0317985 0.1979763
0.0295331 0.2467413
0.0291978 0.2970697
0.0268819 0.3395196
0.0218700 0.3768599
0.0183631 0.4179380
0.0193806 0.4714132
0.0190675 0.5245044
0.0187575 0.5779903
0.0182969 0.6310827
0.0181360 0.6847647
0.0188554 0.7378477
0.0192546 0.7877755
0.0190495 0.8359319
0.0194155 0.8817155
0.0210790 0.9237390
0.0226077 0.9673424
