0.9365084 0.1260518
0.8525935 0.1285409
0.7511787 0.1322772
0.6655434 0.1277145
0.5723932 0.1217211
0.4764415 0.1127743
0.3855173 0.1071367
0.2993315 0.1033231
0.2220193 0.0968400
0.1410661 0.0866660

0.9839909 0.0833035
0.9060504 0.0671545
0.8272299 0.0818768
0.7580246 0.0816527
0.6701909 0.0804532
0.5714991 0.0767326
0.4725462 0.0752456
0.3766530 0.0741078
0.2838141 0.0725755
0.1954301 0.0721256
0.1153946 0.0731006
0.0445386 0.0751222

0.9194443 0.1113054
0.8385696 0.1115405
0.7679693 0.1105832
0.6915188 0.1078107
0.6125644 0.1046854
0.5369532 0.1026508
0.4474298 0.0984899
0.3637452 0.0946573
0.2939673 0.0922077
0.2225415 0.0923738
0.1494482 0.0925526
0.0535803 0.0947627

1.0000000 0.0314947
0.9221626 0.0291038
0.8454396 0.0270765
0.7701117 0.0257828
0.6942503 0.0274682
0.6167215 0.0291663
0.5397457 0.0304887
0.4666551 0.0310384
0.3971773 0.0315612
0.3296421 0.0316976
0.2410109 0.0353399
0.1709717 0.0351238
0.0962360 0.0386619

0.9551374 0.0530273
0.8768196 0.0606803
0.8019065 0.0776046
0.7288440 0.0818719
0.6585075 0.0790535
0.5904082 0.0780779
0.4914693 0.0784500
0.3977882 0.0758080
0.3157514 0.0693602
0.2398958 0.0717907
0.1567977 0.0720448
0.0889483 0.0673501
0.0484889 0.0092730

0.9524524 0.1396911
0.8785803 0.1101246
0.7887623 0.1037335
0.7114585 0.0983644
0.6194171 0.0919906
0.5218258 0.0867745
0.4276002 0.0856240
0.3358953 0.0870578
0.2436123 0.0855215
0.1552367 0.0861873
0.0704880 0.0886854

0.9429467 0.0951391
0.8726995 0.1042190
0.7907356 0.1074373
0.7078848 0.1035973
0.6086094 0.0961623
0.5107625 0.0939231
0.4265501 0.0938128
0.3392555 0.0903793
0.2722202 0.0830749
0.1827106 0.0807743
0.0837801 0.0822636

0.9211441 0.0785689
0.8460720 0.0742981
0.7559982 0.0708840
0.6728890 0.0696490
0.5725577 0.0696593
0.5039025 0.0686881
0.4113471 0.0678969
0.3313116 0.0688712
0.2448870 0.0702656
0.1768185 0.0733814
0.0959577 0.0754783
0.0059567 0.0817348

0.9352590 0.0706539
0.8564205 0.0459590
0.7652769 0.0481307
0.6819064 0.0491288
0.5863134 0.0509628
0.4890502 0.0524379
0.4009525 0.0531007
0.3173125 0.0552177
0.2472986 0.0583479
0.1672911 0.0630411
0.0991777 0.0602077
0.0149791 0.0619581

0.9641487 0.1057640
0.8849387 0.1056146
0.8062762 0.1043458
0.7284474 0.1030709
0.6503406 0.1017984
0.5719504 0.0997846
0.4988376 0.0973595
0.4134911 0.0942829
0.3292535 0.0908265
0.2591696 0.0846607
0.1829998 0.0822595
0.1074249 0.0850602
0.0473237 0.0390306

0.9457101 0.1300733
0.9036134 0.0757256
0.8313651 0.0773834
0.7482866 0.0802384
0.6496199 0.0798641
0.5723524 0.0793292
0.4892544 0.0795822
0.4072680 0.0798272
0.3297281 0.0800389
0.2396963 0.0822043
0.1696769 0.0845911
0.0857479 0.0852236
0.0110320 0.0913649

0.9920447 0.0824994
0.9095528 0.0894399
0.8331246 0.0896416
0.7433428 0.0880846
0.6760913 0.0889617
0.6002273 0.0902755
0.5151756 0.0894275
0.4251102 0.0871301
0.3370014 0.0863058
0.2594672 0.0872614
0.1772057 0.0878811
0.1012997 0.0836189
0.0176682 0.0868525

0.0830060 0.0164499
0.1475034 0.0557530
0.2286785 0.0584882
0.3265423 0.0629573
0.3965982 0.0654049
0.4705393 0.0670797
0.5439161 0.0676435
0.6139608 0.0686044
0.7129165 0.0704638
0.8138232 0.0730528
0.8844432 0.0766132
0.9547685 0.0779448

0.9408506 0.0750743
0.8616210 0.0723221
0.7835058 0.0699337
0.7056685 0.0675434
0.6283925 0.0658929
0.5514001 0.0649842
0.4769172 0.0651725
0.4052079 0.0645964
0.3354439 0.0640059
0.2437221 0.0632090
0.1683971 0.0622890
0.0977713 0.0579871
0.0348909 0.0119785

0.1066533 0.0564327
0.1834715 0.0711001
0.2863125 0.0721848
0.3633133 0.0742082
0.4444800 0.0758286
0.5261885 0.0755859
0.6073440 0.0757194
0.6818324 0.0762753
0.7782646 0.0751791
0.8677574 0.0752509
0.9572613 0.0768105

0.9933349 0.1062888
0.9232987 0.1064423
0.8557610 0.1062054
0.7854748 0.1100799
0.7134765 0.1080176
0.6370456 0.1078481
0.5567268 0.1080800
0.4758493 0.1079445
0.4002522 0.1077696
0.3293710 0.1064437
0.2434688 0.1033720
0.1697805 0.0983492
0.1008251 0.0944065
0.0419084 0.0580364

0.0000000 0.0657896
0.0950118 0.0606109
0.1922890 0.0609934
0.2854003 0.0617796
0.3760049 0.0618412
0.4721676 0.0618614
0.5402557 0.0613494
0.6088941 0.0600896
0.6772629 0.0599477
0.7456346 0.0601778
0.8409663 0.0605776
0.9235225 0.0621892

0.9757000 0.0525012
0.8839895 0.0531893
0.7897581 0.0512937
0.7191660 0.0514520
0.6408063 0.0535281
0.5565965 0.0537893
0.4746184 0.0551495
0.3940467 0.0587306
0.3165152 0.0600579
0.2250741 0.0596309
0.1564077 0.0571733
0.0891785 0.0610268

0.9829044 0.0866584
0.9108921 0.0827363
0.8219217 0.0781980
0.7287770 0.0729477
0.6590130 0.0723562
0.5831183 0.0695799
0.5055644 0.0679319
0.4302478 0.0681266
0.3560429 0.0683131
0.2840528 0.0673677
0.1928757 0.0650795
0.1166945 0.0611912
0.0468912 0.0553958

0.9941063 0.0609160
0.8937666 0.0598094
0.8239775 0.0558709
0.7530907 0.0538002
0.6808311 0.0539711
0.6074570 0.0537788
0.5357560 0.0543178
0.4673844 0.0540883
0.3723277 0.0533161
0.2800724 0.0554981
0.1939341 0.0580062
0.1222275 0.0578028
0.0537773 0.0471629

0.0086152 0.0657247
0.0975299 0.0628231
0.1956408 0.0631994
0.2628868 0.0615773
0.3304247 0.0618125
0.4012975 0.0620228
0.4727346 0.0633446
0.5458335 0.0639105
0.6167063 0.0641214
0.6859145 0.0647169
0.7843060 0.0654653
0.8776784 0.0640206
0.9732909 0.0647907

0.9527478 0.0679197
0.8691888 0.0808181
0.7846789 0.0781058
0.6904365 0.0747232
0.6220928 0.0782116
0.5529155 0.0817065
0.4856779 0.0844433
0.3953402 0.0828918
0.3177724 0.0793852
0.2499342 0.0761774
0.1796088 0.0748478
0.0984112 0.0691381
0.0318448 0.0503032

0.9171652 0.1038853
0.8476960 0.1055223
0.7623524 0.1028163
0.6622964 0.1024523
0.5897534 0.1018819
0.5169353 0.1016857
0.4494087 0.1029374
0.3632509 0.1028420
0.2770875 0.1020032
0.1978971 0.1044590
0.1234452 0.1087386
0.0473006 0.1096844

0.9419048 0.1044434
0.8690576 0.0633416
0.7907175 0.0680202
0.7190333 0.0707897
0.6337204 0.0721745
0.5400617 0.0725067
0.4489070 0.0731922
0.3585860 0.0738719
0.2693795 0.0749154
0.1818545 0.0778058
0.0951604 0.0803185
0.0112566 0.0842978

0.9359532 0.0520557
0.8678232 0.0469890
0.7831218 0.0558058
0.6800644 0.0629015
0.5953156 0.0653978
0.5013818 0.0661040
0.4074452 0.0664388
0.3196254 0.0670998
0.2448646 0.0672909
0.1623083 0.0656817
0.0878394 0.0677304
0.0360670 0.0205225

0.0949670 0.0546615
0.1688347 0.0834818
0.2588301 0.0764823
0.3305003 0.0718522
0.4066198 0.0675606
0.4849878 0.0665992
0.5669883 0.0682137
0.6475935 0.0690953
0.7259671 0.0688783
0.8068363 0.0678992
0.8913072 0.0654058
0.9771900 0.0658770

0.9224667 0.0696343
0.8407498 0.0687602
0.7484751 0.0683374
0.6739923 0.0685251
0.5906191 0.0691517
0.5083519 0.0690265
0.4277522 0.0688891
0.3499400 0.0698465
0.2782475 0.0715018
0.1859783 0.0718250
0.1081157 0.0660901
0.0378355 0.0338961

0.9731395 0.1187117
0.8994905 0.1188924
0.8241406 0.1146238
0.7462783 0.1088868
0.6656732 0.1080049
0.5839368 0.1045287
0.5024756 0.1006789
0.4260307 0.0986509
0.3518006 0.0954909
0.2797966 0.0926863
0.1866770 0.0907846
0.1168795 0.0857327
0.0418552 0.0509714

0.0474526 0.0561353
0.1482867 0.0490536
0.2213940 0.0507339
0.2920058 0.0531770
0.3609417 0.0545174
0.4340434 0.0554547
0.5079817 0.0567579
0.5830400 0.0591684
0.6566919 0.0593586
0.7308885 0.0580574
0.8053686 0.0574981
0.8787566 0.0595502
0.9549292 0.0623254

0.9676043 0.0477278
0.8959480 0.0542151
0.8061577 0.0515424
0.7117266 0.0600606
0.6411457 0.0617065
0.5683359 0.0626257
0.4971768 0.0613015
0.4032513 0.0631236
0.3223821 0.0641042
0.2526013 0.0612829
0.1833791 0.0588294
0.1108191 0.0560295
0.0453618 0.0000000

0.9233283 0.0733465
0.8413547 0.0382630
0.7385723 0.0449846
0.6557688 0.0474659
0.5701890 0.0503403
0.4876663 0.0531920
0.4112492 0.0548825
0.3373249 0.0554389
0.2656267 0.0563506
0.1956100 0.0591091
0.1225390 0.0622628
0.0467030 0.0672968

0.0798253 0.0369263
0.1607226 0.0396633
0.2463696 0.0457116
0.3275560 0.0499345
0.4109377 0.0504225
0.5010228 0.0553228
0.5944455 0.0605701
0.6761289 0.0569813
0.7547162 0.0482101
0.8273264 0.0577051
0.8991222 0.0698095
0.9794663 0.0729253

0.9888242 0.0977698
0.9188354 0.1042446
0.8400094 0.1182232
0.7719382 0.1209655
0.6957992 0.1226530
0.6132348 0.1199266
0.5298394 0.1175787
0.4497733 0.1144623
0.3697128 0.1120899
0.2913197 0.1097051
0.2209889 0.1076318
0.1298035 0.1042283
0.0566121 0.0913930
