0.2748478 0.8188308
0.2811719 0.5717918
0.2803488 0.3418406
0.2822083 0.1057857

0.2340493 0.9566259
0.2114544 0.7341390
0.1088830 0.5195551
0.0000000 0.3123191

0.2220450 0.8119284
0.2056603 0.5687107
0.1809071 0.3012219

0.3280905 0.8841317
0.3348751 0.5774707
0.3374883 0.3207261
0.3389446 0.0311392

0.3888799 0.1402665
0.2802938 0.3345408
0.2438204 0.5635563
0.2565214 0.8007183

0.2942669 0.8612692
0.2940692 0.5935954
0.3060812 0.2564774

0.2858803 0.8345648
0.2848097 0.5717644
0.2883047 0.3113631
0.2789941 0.0413245

0.4169388 0.9674151
0.4510896 0.6714983
0.4373423 0.4160937
0.4249739 0.1022768

0.1951376 0.8620161
0.1214211 0.6143636
0.0370841 0.4057259
0.1683966 0.2100633

0.2740098 0.9490246
0.2791678 0.6679267
0.2808897 0.4136222
0.2761629 0.1484160

0.2716703 0.7592361
0.2732271 0.4830322
0.2662323 0.1582244

0.2059593 0.8497675
0.2156184 0.5625521
0.2215298 0.2607645

0.4204413 0.8286842
0.4313497 0.5864776
0.4203398 0.3322690
0.4065924 0.0768644

0.3132461 0.8453090
0.3586307 0.5918922
0.3615098 0.3704301
0.3864470 0.0587656

0.2422435 0.9577809
0.2660394 0.7361611
0.2676880 0.4721236
0.2636323 0.1752779

0.2657515 0.9393532
0.2685753 0.7105912
0.2719785 0.4380235
0.2791205 0.1788113

0.2227051 0.8995262
0.2454449 0.6584471
0.2636101 0.4137524
0.2717348 0.1642665

0.2614976 0.9783198
0.2485308 0.7058754
0.2557551 0.4576130
0.2584139 0.2069516

0.2715492 0.8638737
0.2877397 0.5985099
0.2760032 0.3686409
0.2752260 0.1447729

0.3040233 0.8283446
0.3111103 0.5618326
0.3179224 0.2588215

0.2058859 0.8400344
0.2310607 0.5600024
0.2425755 0.2776398

0.2871564 0.8832234
0.3235839 0.6481247
0.3954343 0.4066757
0.4064803 0.1827186

0.2603792 0.8298901
0.2645085 0.5329828
0.2729560 0.2056253

0.2343720 0.8787543
0.3018214 0.6568056
0.3227426 0.4157403
0.3037215 0.1847095

0.2842062 0.9744986
0.2976592 0.7079387
0.3082373 0.4219331
0.3222333 0.1067009

0.2682689 0.9113500
0.2816486 0.6350569
0.2958186 0.3429408
0.2956942 0.0850001

0.3208719 0.7710325
0.3388999 0.5080882
0.3511321 0.2001695

0.2493467 0.8141561
0.2501957 0.5647250
0.2568517 0.2410311

0.3392625 0.7976614
0.3565002 0.5505403
0.3601329 0.3083885
0.3657587 0.0893391

0.3331347 0.8293420
0.3332487 0.6030338
0.3365972 0.3231663
0.3397991 0.0238325

0.2484831 0.8202461
0.2528782 0.5586212
0.2644298 0.2811253
0.2732257 0.0000000

0.2930164 0.9367143
0.2967955 0.7140287
0.3021828 0.4633467
0.3074784 0.2004984

0.2760525 0.7373024
0.2745510 0.4173201
0.2757688 0.0961006

0.2637328 0.7921470
0.2682563 0.5475550
0.2699415 0.2883840
0.2761099 0.0206623

0.2396362 0.8531638
0.2443521 0.6341213
0.2512648 0.3444932
0.2556141 0.0767852

0.3015700 0.8648642
0.2990014 0.6446598
0.3023589 0.3660089
0.3112832 0.1019165

0.3025344 0.8721572
0.3014639 0.6093568
0.3096437 0.3671707
0.3095468 0.1128800

0.2686815 0.9660986
0.2650383 0.7240016
0.2739441 0.4574759
0.2749124 0.2238611

0.2739292 0.8176210
0.2691383 0.5438983
0.2751782 0.2591436

0.2341979 0.8556382
0.2388038 0.6219960
0.2333233 0.3774794
0.2359729 0.1256014

0.2703189 0.8212983
0.2601630 0.5597831
0.2514500 0.2483720
0.2488538 0.0245177

0.2565654 0.9272553
0.2726000 0.6412086
0.2832605 0.3661528
0.2888586 0.1434535

0.2561162 0.8676401
0.2648110 0.5731318
0.2665879 0.3261271
0.2673545 0.0657463

0.2416476 0.8786995
0.2406869 0.6304988
0.2481312 0.4114356
0.2508450 0.1680740

0.2498876 0.8859376
0.2589766 0.6437447
0.2643729 0.3942794
0.2679229 0.1411778

0.2327823 0.9091840
0.2354227 0.6560892
0.2397078 0.3798647
0.2439838 0.1024236

0.2332792 0.8544285
0.2387671 0.6171295
0.2459181 0.3591339
0.2484852 0.0963062

0.2816814 0.8808313
0.2836050 0.6532928
0.2848686 0.3381565
0.2885836 0.1069544

0.2058291 0.9531885
0.2090488 0.6562880
0.2212529 0.3447193
0.2281014 0.0465748

0.3294033 0.9376569
0.3466134 0.6868858
0.3373854 0.4277970
0.3334492 0.1467677

0.2023472 0.9738987
0.2186291 0.7207012
0.2284625 0.4566019
0.2336479 0.1791539

0.2798240 0.9964323
0.3089667 0.7601718
0.3168440 0.4778367
0.3222680 0.2320213

0.2426414 0.7691885
0.2477076 0.4759242
0.2535733 0.1680535

0.3187944 0.8574342
0.3261381 0.6249881
0.3283296 0.3122782
0.3346815 0.0688892

0.1683953 0.9340033
0.1636315 0.6639305
0.1796842 0.3803170
0.2029576 0.0893490

0.3701632 0.9154491
0.3926926 0.6463874
0.3882871 0.4237634
0.3884012 0.1974553

0.2742684 0.8626365
0.3045517 0.5363312
0.3146512 0.3075144
0.3128821 0.0727036

0.2755372 0.7896246
0.2747141 0.5596734
0.2774830 0.3236116
0.2775143 0.0863538

0.3269356 0.7308355
0.3013833 0.4779532
0.2598936 0.1619223

0.2819106 0.9112472
0.3056517 0.6823276
0.3100287 0.4182695
0.3023079 0.1178013

0.2105322 0.9738370
0.2241500 0.7291765
0.2385673 0.4699096
0.2391963 0.1912792

0.3132461 0.8453090
0.3586307 0.5918922
0.3615098 0.3704301
0.3864470 0.0587656

0.3147514 0.9243835
0.3184847 0.6956147
0.3103770 0.4645017
0.3139729 0.2174833

0.2061151 0.8704503
0.2052093 0.6295494
0.2071602 0.4056608
0.2097913 0.1513495

0.4503316 0.9330958
0.4654849 0.6507059
0.4472546 0.4038519
0.3888249 0.1329667

0.2234111 0.9932073
0.2532522 0.7289573
0.2684874 0.4575171
0.2717807 0.1703497

0.2797984 0.8723285
0.2871328 0.6386657
0.2971314 0.3964659
0.3071118 0.1518329

0.2484079 0.9309669
0.2561841 0.6352488
0.2687002 0.3650458
0.2720393 0.0839616

0.2090286 0.7743086
0.2190453 0.5345421
0.2133998 0.2681260

0.2530559 0.9443157
0.2781850 0.6582004
0.2780971 0.4051263
0.2742799 0.1399132

0.2633275 0.8590689
0.2784619 0.5742457
0.2878830 0.2553978
0.2907345 0.0302857

0.2532320 0.8469779
0.2615033 0.6169581
0.2684526 0.3321966
0.2729487 0.0839548

0.3010200 0.7918660
0.3143539 0.5094898
0.3184927 0.2137991

0.2936894 0.7846210
0.2990400 0.5290725
0.2988056 0.2565322

0.2838964 0.8126790
0.2832494 0.4853901
0.2831891 0.2359658

0.3204124 0.2271684
0.3130687 0.4596146
0.2776789 0.7117393
0.2714098 0.9660781

0.3968725 0.1146555
0.3486675 0.3559264
0.3505098 0.6004704
0.3668574 0.8388215

0.2886000 0.2298415
0.2993628 0.4512009
0.2966672 0.6969958
0.2802017 0.9258605

0.3037319 0.6689583
0.2819198 0.9124638

0.4317800 0.1606274
0.2867333 0.3442259
0.3185784 0.5873272
0.2692811 0.8042722

0.3490840 0.1697673
0.2751946 0.3820308
0.2632488 0.6072113
0.3040600 0.8332111

0.2581187 0.2884731
0.2897805 0.5072416
0.3353039 0.7551066
0.2907648 1.0000000

0.2303749 0.9517868
0.2337138 0.6707026
0.2411581 0.4516395
0.2484100 0.2070269

0.3134844 0.8769415
0.3054133 0.6506951
0.3127570 0.4182489
0.3083329 0.1931917

0.1501348 0.8039534
0.1781477 0.5385004
0.2174226 0.3191974
0.2429735 0.0890475

0.2450268 0.9650602
0.2387469 0.7351501
0.2406062 0.4990951
0.2315246 0.2594725
0.2179140 0.0223175

0.3106166 0.9791664
0.3180061 0.7528035
0.3197923 0.5070154
0.3151299 0.2503257

0.2771434 0.8820822
0.2889792 0.6423019
0.2979492 0.3842927
0.2957675 0.0947332

0.2336368 0.9018773
0.2698716 0.6412292
0.2934386 0.3891935
0.3249525 0.1054637

0.2934564 0.9951129
0.3006350 0.7407673
0.2937686 0.4329925
0.2847330 0.1994530

0.2458391 0.7107625
0.2367851 0.4747898
0.2339046 0.2132198

0.5098416 0.8645120
0.5754179 0.6352775
0.5983171 0.2944274
0.6035313 0.0206294
