0.1986910 0.4983811
0.7278769 0.2949068

0.2765156 0.2720384
0.5546277 0.1797547
0.7913047 0.1152177

-0.0137090 0.4826829
0.3023697 0.3866375
0.5913991 0.2842991
0.9594675 0.1531619

0.0619126 0.3873853
0.3466306 0.2657579
0.5772894 0.0928801
0.8204799 -0.0092287

0.0061745 0.4216359
0.3220357 0.1706924
0.7875546 0.0214690

0.0031962 0.1341415
0.1050562 0.1432885
0.2171401 0.4366047
0.2586363 0.5459302
0.2761468 0.6589642
0.3217990 0.7654485
0.3145008 0.8801815

-0.0017110 0.0017395
0.0691546 0.1479877
0.1397552 0.2926674
0.2103762 0.5581770
0.2817977 0.6631877
0.3019894 0.7279543
0.3332042 0.7680696
0.3716729 0.8952668

0.0110544 0.0527214
0.0558818 0.1749018
0.1140163 0.3387069
0.1647447 0.4526278
0.1896461 0.5470451
0.2559034 0.6827507
0.3149085 0.8000561
0.3690376 0.9033260
0.4278451 0.9921198

0.1047532 0.2695712
0.3572942 0.2355405
0.4913922 0.2387534
0.6425344 0.2227820
0.8216963 0.2156181
0.9627339 0.2302565

0.2988933 0.2700947
0.4437733 0.4790235
0.5315073 0.5674234
0.5358974 0.6744009
0.5691912 0.7803831
0.5833888 0.9215894

0.0149636 -0.0059135
0.0755588 0.1109906
0.1287728 0.2242839
0.1543090 0.3102243
0.2374513 0.4215332
0.2684610 0.5225025
0.2655886 0.6483278
0.3069760 0.7479474
0.3323770 0.8303094
0.3395977 0.8931738
0.3608543 0.9566084

0.0043567 0.3375148
0.6360717 0.1405885

0.0044472 0.0058188
0.0308161 0.0577877
0.0688639 0.1598654
0.0890569 0.2275949
0.1121348 0.3045619
0.1282524 0.3588302
0.1372343 0.4208195
0.1580511 0.4723020
0.1656576 0.5393167
0.2001612 0.5824909
0.2030844 0.6509387
0.2366825 0.6964876
0.2414871 0.7485721
0.2725209 0.8236839
0.2800784 0.8783812
0.2854558 0.9360177
0.3300594 0.9794484

0.0996703 0.0287176
0.1391002 0.1317406
0.1830052 0.2515080
0.2135803 0.3352360
0.2360654 0.3967007
0.2632609 0.8169599

0.1571438 0.0470604
0.3966175 0.6304425

0.0136377 0.4911519
0.7552364 0.1311103

0.0002395 0.0392832
0.9209094 0.0300328

0.1233741 0.2364383
0.5094488 0.4658974

0.0003623 0.2278556
0.0913296 0.2077645
0.9572665 0.0064144

0.0496987 0.2596594
0.8867637 0.0389693

0.0154722 1.0006251
0.0269448 0.9615548
0.1257198 0.1468082

0.0451860 0.0120104
0.7963724 0.2026991

0.0893616 0.0199942
0.9383783 0.2519872

0.1364227 0.0087671
0.2112149 0.7763211

0.4553809 0.1607227
0.9260688 0.2659578
0.4171136 0.0076535
0.5357423 0.0325272

0.0395346 0.7264272
0.8823737 0.0838907

0.1018011 0.1594632
0.8648005 0.3353380

0.1365784 0.2565453
0.4963363 0.8671857

0.2003868 0.2826562
0.9542465 0.0163492

0.0184260 0.3073108
0.8179098 0.0560734

0.0035725 0.3760362
0.7395446 0.1080827

-0.0090306 0.2705715
0.1719097 0.2101729
0.5279505 0.1249927
0.8184799 0.0524933

0.0034632 0.2949164
0.8365550 0.0729640

-0.0002675 0.2463635
0.3499707 0.1802485
0.8018498 0.0685880
0.9785115 0.0219245

0.1149409 0.1533554
0.4891954 0.8491985

-0.0000612 0.9598112
0.0784378 0.0815043

0.3879215 0.3089944
0.7107119 0.8848609

0.1051692 0.0094814
0.1914632 0.4012225
0.3046343 0.8664471

0.1214517 0.9578281
0.2828883 0.0926524

0.0249460 0.1910904
0.4385514 0.8317184
0.5578251 0.9881292

0.0810904 0.0552168
0.8282698 0.0357163

0.0229628 0.1280026
0.0326930 0.2947248
0.0675558 0.7441661
0.0874138 0.9612189

0.0897594 0.0121235
0.1569172 0.9232028

0.0420129 0.5521154
1.0000000 -0.0000000

0.0885354 0.1523761
0.8888879 0.4140800

0.1844769 0.0131965
0.7913460 0.8246081

0.0471052 0.0600672
0.7925807 0.2280240

-0.0044440 0.0277681
0.9216799 0.2674767

0.1187445 0.0068484
0.9152117 0.3147698

-0.0148940 0.0094000
0.5545217 0.9115116

0.0175137 0.5506778
0.9069886 0.0161566

-0.0000000 0.0000000
0.5362478 0.8006243

0.1498679 1.0000000
0.3235580 0.0093536
0.2012407 0.9988656
0.4578298 0.0721767

-0.0000000 0.0000000
0.0481437 0.0731950
0.0900492 0.1394263
0.5351240 0.8365785
0.5637656 0.9253210

0.0098003 0.0407459
0.0495455 0.1114219
0.6220299 0.9858244

0.0615588 0.0624046
0.7216589 0.9689101

-0.0014420 0.0009654
0.6254220 0.9368762

0.0027361 1.0000000
0.0040254 0.8759161
0.0510036 0.1238168
0.0565839 0.0000000

0.1197472 0.4111878
0.9529263 -0.0000000

0.0000000 0.0484183
0.4583999 1.0000000

-0.0003562 0.3791101
0.8505775 0.0706526

0.0092028 0.3531776
0.0490740 0.3057926
0.0931934 0.3090949
0.8108302 0.0466794
1.0000000 0.0002747

-0.0175459 0.5433170
0.8787024 0.0363582

0.0143101 0.1526228
0.0795980 0.1927760
0.4761510 0.7536382
0.5133486 0.8223020
0.5622574 0.8637468

0.0000000 1.0000000
0.1693392 0.0597359

0.1216711 0.0000000
0.1447373 0.0275411
0.9708850 0.3855067

0.0210314 0.9316052
0.4517035 0.0404302

0.0696019 0.0000000
0.9427887 0.1952019

0.0880892 -0.0044707
0.2320520 0.9965925

0.0000000 0.8635855
0.0779257 0.0802281
0.0000000 0.8635855
0.0779257 0.0802281
0.0000000 0.8635855
0.0779257 0.0802281

0.0234023 0.0000000
0.6365045 0.1369719
0.9078664 0.2508941

0.0601491 0.0839361
0.9055842 0.7287871
0.9488016 0.7386139

0.0250271 0.5368643
0.8651755 0.0907793

0.0000000 0.9358151
0.0655042 0.8967633
0.6858622 0.1615794
0.7349552 0.1056107
0.7763057 0.0576420
0.8494701 0.0250535

0.2155700 0.8945870
0.7354350 0.0023907

0.1038819 0.0192266
0.1841891 0.2019953
0.5716343 0.8907710

0.0596394 0.1337375
0.1902778 0.8508790

0.0000000 0.4341266
0.0743694 0.4119641
0.8532550 0.0499712

0.0608259 0.0272046
0.1028254 0.1828295
0.4368026 0.8647126

0.0195329 0.5899828
0.8185761 0.0688164

0.0511807 0.0838794
0.4633755 0.9245440
0.4824254 1.0000000

0.0288125 0.8671562
0.0680485 0.7586728
0.2673023 0.1928948
0.3043251 0.0959233

-0.0000000 0.0784040
0.0802482 0.0825198
0.1598314 0.0871991
0.8920210 0.1858090
0.9561532 0.1869445

0.0199510 0.1303061
0.1333195 0.2409165
0.6117335 0.8943952

0.0849825 -0.0000000
0.8592286 0.1751620
0.8820795 0.1820609
0.9399099 0.1937774

0.1583540 0.0000000
1.0000000 0.2089335
0.1583540 0.0000000
1.0000000 0.2089335
0.1583540 0.0000000
1.0000000 0.2089335
0.1583540 0.0000000
1.0000000 0.2089335

0.0034540 0.0034230
0.0257346 1.0000000

0.0615183 0.9710938
0.0643922 0.9604469
0.0671026 0.9373991
0.0688717 0.9186260
0.0700865 0.9085280
0.0446122 0.8818198
0.0554528 0.8708460
0.0584414 0.8265311
0.0600555 0.8055648
0.1004325 0.1757140
0.1023365 0.0023716

-0.0000000 0.0223405
0.0772277 0.0224712
0.1538355 0.0202645
0.9233833 0.0018339
1.0000000 0.0000000

0.1331107 0.9970098
0.2138526 0.1959549
0.2194318 0.0501916

0.0041938 0.0004965
0.9718555 0.2376731

0.1275965 0.1174496
0.9560088 0.0989223

0.0067595 0.0504753
0.0169443 0.0504122
0.0274397 0.0508223
0.0375985 0.0508263
0.0485367 0.0506402
0.0609086 0.0508239
0.0718682 0.0508570
0.0849988 0.0507494
0.0977103 0.0511756
0.1078855 0.0513693
0.1180100 0.0506341
0.1288392 0.0504730
0.1389285 0.0500710
0.1491970 0.0499661
0.1595276 0.0499938
0.1701001 0.0495908
0.1824960 0.0496021
0.1942801 0.0493523
0.2066189 0.0484735
0.2183450 0.0484046
0.2293310 0.0477711
0.2397242 0.0476580
0.2504574 0.0468790
0.2607219 0.0468985
0.2720776 0.0466789
0.2822360 0.0464141
0.2931009 0.0462700
0.3036162 0.0460986
0.3141898 0.0457075
0.3243756 0.0453908
0.3346365 0.0446716
0.3448110 0.0446931
0.3548981 0.0449341
0.3650383 0.0446673
0.3761087 0.0443753
0.3862626 0.0445057
0.3966518 0.0444725
0.4069584 0.0442944
0.4180758 0.0444748
0.4291290 0.0443653
0.4397051 0.0443927
0.4501424 0.0438053
0.4605330 0.0443033
0.4710216 0.0446204
0.4820461 0.0443680
0.4921955 0.0448746
0.5033617 0.0449042
0.5142524 0.0446911
0.5249943 0.0448651
0.5351688 0.0445353
0.5455042 0.0447966
0.5570262 0.0453976
0.5671515 0.0451813
0.5772007 0.0452615
0.5879333 0.0456009
0.5979540 0.0458519
0.6079725 0.0459022
0.6191041 0.0457612
0.6294929 0.0459607
0.6403339 0.0460453
0.6511552 0.0458364
0.6622788 0.0467062
0.6725335 0.0465069
0.6840690 0.0462333
0.6944179 0.0464047
0.7064885 0.0467054
0.7173148 0.0471159
0.7275976 0.0469612
0.7385658 0.0472951
0.7492597 0.0472552
0.7600611 0.0476365
0.7701349 0.0474670
0.7836214 0.0476551
0.7936596 0.0476007
0.8065252 0.0476870
0.8168370 0.0480750
0.8280268 0.0480820
0.8403705 0.0482085
0.8518235 0.0483138
0.8623720 0.0490569
0.8732776 0.0490160
0.8843125 0.0491145
0.8948070 0.0492080
0.9051562 0.0497838
0.9156650 0.0493391
0.9278150 0.0491836
0.9379862 0.0492610
0.9492193 0.0495828
0.9595898 0.0498500
0.9708043 0.0500597
0.9808900 0.0504301
0.9910343 0.0497014

0.0189238 0.2746628
0.0587966 0.2830678
0.0988174 0.2855537
0.1387555 0.2883207
0.1795092 0.2869477
0.2240018 0.2867025
0.2715762 0.2889874
0.3174362 0.2904260
0.3586261 0.2881313
0.3986390 0.2889423
0.4429492 0.2904364
0.4890906 0.2931457
0.5301099 0.2916214
0.5716991 0.2913985
0.6156823 0.2902838
0.6628371 0.2879129
0.7085558 0.2911290
0.7508656 0.2920055
0.7956150 0.2949794
0.8465109 0.2976612
0.8874551 0.3006462
0.9309654 0.3009098
0.9726210 0.3061692

0.0290527 0.9939140
0.0292480 0.9837995
0.0269728 0.9736488
0.0261703 0.9631516
0.0254928 0.9527178
0.0250617 0.9421060
0.0246383 0.9299339
0.0246677 0.9195472
0.0243522 0.9095040
0.0243401 0.8985107
0.0243284 0.8883925
0.0241637 0.8774469
0.0241692 0.8673470
0.0242166 0.8544956
0.0243675 0.8444587
0.0244438 0.8343749
0.0244886 0.8238004
0.0244922 0.8117155
0.0246006 0.8009378
0.0247469 0.7863296
0.0247874 0.7762399
0.0248816 0.7656598
0.0249347 0.7524524
0.0249560 0.7424218
0.0249673 0.7316496
0.0250998 0.7200467
0.0251444 0.7091451
0.0251627 0.6985542
0.0253754 0.6882136
0.0254547 0.6779610
0.0254640 0.6677208
0.0257559 0.6573935
0.0256502 0.6457976
0.0256863 0.6337949
0.0259812 0.6234798
0.0261413 0.6101866
0.0265335 0.5996839
0.0265841 0.5890966
0.0268744 0.5758908
0.0271512 0.5652598
0.0275035 0.5525342
0.0274776 0.5419893
0.0277132 0.5298514
0.0280442 0.5191325
0.0280116 0.5090875
0.0283060 0.4982731
0.0283292 0.4870001
0.0286365 0.4763150
0.0288995 0.4653335
0.0294021 0.4544216
0.0295016 0.4439846
0.0294397 0.4338990
0.0297274 0.4200556
0.0297970 0.4100282
0.0300254 0.3999412
0.0300122 0.3897663
0.0303741 0.3792624
0.0305739 0.3656057
0.0307973 0.3545911
0.0309145 0.3445592
0.0305673 0.3341713
0.0308011 0.3237870
0.0310204 0.3129063
0.0312409 0.3028179
0.0311471 0.2894231
0.0314682 0.2775625
0.0315342 0.2672701
0.0320151 0.2500596
0.0321847 0.2377195
0.0325051 0.2260278
0.0326308 0.2159876
0.0328028 0.2045598
0.0330553 0.1934624
0.0332421 0.1832025
0.0328687 0.1716887
0.0330683 0.1606850
0.0334764 0.1496325
0.0337601 0.1383414
0.0343682 0.1244052
0.0348568 0.1138959
0.0347901 0.1036184
0.0359162 0.0936022
0.0371414 0.0830706
0.0395025 0.0589451
0.0406618 0.0483288
0.0427491 0.0375047
0.0466634 0.0274164

-0.0002694 0.0238326
0.0510639 0.0237405
0.1403244 0.0259658
0.2061645 0.0258563
0.2957839 0.0272315
0.3630906 0.0371233
0.4813929 0.6981793
0.4813268 0.6460849
0.4842127 0.5808131
0.4950225 0.4819595
0.4975040 0.3374437
0.5046182 0.2522176
0.4906799 0.0865068
0.4547307 0.9672006
0.4759574 0.7791676
0.4846790 0.7102081
0.1954776 0.9781624
0.4241458 0.9636825
0.0327948 0.9358298
0.1985348 0.9720547

0.0854726 0.2180197
0.1336764 0.0734131
0.0922742 0.1842619
0.1389862 0.0441470
0.1076196 0.3388994
0.1243116 0.1003199
0.1243641 0.0760743
0.1093230 0.1910590
0.1716922 0.0677207
0.1345415 0.3290491
0.1379600 0.0741426
0.1456424 0.3262911
0.1687802 0.0765716
0.1050382 0.3487744
0.1103251 0.0990781
0.0875524 0.3246302
0.1099536 0.0675481
0.0958995 0.4037657
0.1008537 0.0904960
0.0815076 0.3899041
0.0862778 0.3278560
0.0867565 0.3044723
0.1010815 0.0800002
0.0539909 0.4582658
0.0854726 0.2180197
0.0839549 0.3985233
0.0855147 0.1699577
0.0953530 0.1996392
0.0989998 0.4884517
0.0943074 0.5453362
0.0947820 0.1900837
0.1456424 0.3262911
0.1610168 0.6501119
0.0876254 0.6609493
0.0921764 0.3236374
0.1426485 0.7273889
0.1520922 0.4746860
0.1345415 0.3290491
0.1306075 0.5545798
0.1307498 0.7907621
0.0979098 0.7250238
0.1031830 0.4677940
0.0404877 0.6998971
0.0539909 0.4582658
0.0880819 0.8370100
0.0871089 0.6514718
0.0884349 0.5971737
0.0851799 0.5294402
0.0871912 0.3071743
0.0977434 0.5594126
0.1048737 0.8100327
0.1610168 0.6501119
0.1707573 0.8011318
0.0786598 0.8587935
0.0918277 0.6404433
0.0404877 0.6998971
0.0737602 0.8331806
0.1156411 0.8100299
0.1331332 0.8825686
0.1307498 0.7907621
0.1918201 0.8322542
0.0955421 0.8886732
0.1046690 0.8167923
0.1134343 0.7417377
0.1316689 0.9078928
0.1707573 0.8011318
0.1005090 0.8484882
0.1236090 0.9190602
0.0737602 0.8331806
0.1404261 0.8608926
0.0787561 0.8565835
0.1391848 0.8954872
0.0816895 0.8621014
0.1303413 0.9181278
0.0574202 0.8432734
0.0881427 0.9050831

0.0000831 0.0712093
0.0879072 0.0721538
0.1011031 0.0707916
0.1223630 0.0666384
0.1693868 0.0656661
0.2447595 0.0619486
0.3165157 0.0600899
0.3303901 0.0595578
0.3724141 0.0589499
0.4113103 0.0588661
0.6408552 0.0567194
0.6773038 0.0626144
0.8068642 0.0697219
0.8843611 0.0712574
0.9546685 0.0714204
0.9732996 0.0653569

0.2560529 0.9958613
0.2620773 0.9359711
0.2651944 0.8719777
0.2688897 0.7959709
0.2720094 0.6681962
0.2807437 0.2697438
0.2806380 0.2078011
0.2881286 0.1456790
0.2884030 0.0848249

0.0002083 0.1177093
0.0119562 0.1121919
0.0224005 0.0934457
0.0330738 0.0951556
0.0436952 0.0979263
0.0555143 0.0996468
0.0657962 0.1010743
0.0758368 0.1028966
0.0958548 0.1026453
0.1058501 0.1029983
0.1290573 0.1041217
0.1403360 0.1047245
0.1516076 0.1050645
0.1635855 0.1054439
0.1795870 0.1062571
0.1926959 0.1071976
0.2246227 0.1064110
0.2365292 0.1072764
0.2465719 0.1072967
0.2569758 0.1072409
0.2674844 0.1067973
0.2794280 0.1056187
0.2897609 0.1062716
0.3016270 0.1076722
0.3122015 0.1065508
0.3237186 0.1076129
0.3364674 0.1075178
0.3518420 0.1056202
0.3747907 0.1074473
0.3886314 0.1087264
0.4024627 0.1071494
0.4201230 0.1066228
0.4618619 0.1079549
0.5073703 0.1064224
0.5177973 0.1080417
0.5287942 0.1075017
0.5472432 0.1085418
0.5762094 0.1104704
0.5947455 0.1117843
0.6119227 0.1098962
0.6219106 0.1107076
0.6457858 0.1122305
0.6581164 0.1128803
0.6798729 0.1096412
0.6916967 0.1104633
0.7075147 0.1102254
0.7229829 0.1122261
0.7531750 0.1120713
0.7636649 0.1125241
0.7747964 0.1115599
0.7876771 0.1116662
0.7989617 0.1125990
0.8092650 0.1128742
0.8433033 0.1144658
0.8534560 0.1159253
0.8696943 0.1163960
0.8986170 0.1160234
0.9127998 0.1161243
0.9240370 0.1160510
0.9344020 0.1187822
0.9445865 0.1165860
0.9628051 0.1088999
0.9754609 0.0968678
0.9913348 0.0907829

