0.2067982 0.5017412
0.7123222 0.2960539

0.0099851 0.3840070
0.9420395 0.0428352

-0.0150741 0.4806193
0.9601926 0.1012795

0.0394368 0.3372282
0.7447720 0.0522204
0.9386155 0.0109960

0.0079137 0.4222952
0.9703181 0.1454609

0.1414981 0.0736751
0.1645163 0.9173756

0.0450114 -0.0156990
0.4094245 0.9655902

0.0434854 0.0202886
0.3792099 0.9573839

0.1048003 0.2706847
0.9628974 0.2341282

0.1615473 0.0764294
0.2462741 0.1896764
0.5729296 0.9274849

0.0183006 -0.0063786
0.3626172 0.9815686

-0.0139239 0.4391657
0.8781020 0.1475602

0.0429856 -0.0046803
0.2657483 0.9052851

0.0792456 -0.0023690
0.2029677 0.9125208

0.0867423 0.0694867
0.3259511 0.2516253
0.5691690 0.4804054
0.6608936 0.8803911

0.0019856 0.4587883
0.9441659 0.0446789

0.0001740 0.0320247
0.1171573 0.0381085
0.9209094 0.0300328

0.1460908 0.0202901
0.5467957 0.4125721
0.7017041 0.4967426
1.0000000 0.5975070

0.0005962 0.2288621
0.9572665 0.0064144

0.0519082 0.2683822
0.9534328 0.0400935

0.0221246 1.0013073
0.0388790 0.8849373
0.1202277 0.1461128
0.1241168 -0.0000000

0.0018008 0.0049484
0.1718337 0.0283859
0.8015976 0.1810312
0.9421666 0.1987704

0.0012527 -0.0040810
0.1077431 0.0162246
0.9326835 0.2704439

0.1541938 0.1911433
0.2112149 0.7763211
0.2325303 0.9566941

0.0000000 0.0000000
0.4091901 0.0639176
0.5284132 0.0845709
0.8793537 0.1656085

0.0131620 0.7409087
0.8768326 0.0766273
0.9564069 0.0147273

-0.0060494 0.1392453
0.0993704 0.1704423
0.8201887 0.3443228

-0.0015401 0.0007703
0.1246716 0.2636620
0.4437819 0.8912260
0.5209826 0.9692938

0.0000000 0.3383417
0.1998855 0.2813447
0.8624314 0.0592262

0.0184260 0.3073108
0.8179098 0.0560734

0.0008564 0.3667700
0.2242080 0.2440280
0.7335989 0.1049770
0.9453787 0.0581456

-0.0090935 0.2705873
0.8185655 0.0527290

0.0051551 0.3013589
0.8365550 0.0729640

0.0096214 0.2909623
0.2784402 0.2221273
0.5129263 0.1866626
0.7102990 0.1169563
0.9784708 0.0219337

-0.0000000 0.0000000
0.1269670 0.1452440
0.1667128 0.2838937
0.4637058 0.8642076
0.4556720 0.9879339

0.0200712 0.9969275
0.0235480 0.8924898

0.3535357 0.3283255
0.4469801 0.4143565
0.7107119 0.8848609

0.1051692 0.0094814
0.3053238 0.8662876

0.0527375 1.0122217
0.1018072 0.8895303
0.2845250 0.0937065

0.0249460 0.1910904
0.4385514 0.8317184
0.5578251 0.9881292

0.0191091 0.0683151
0.8285366 0.0459061
1.0000000 0.0235912

0.0229628 0.1280026
0.0326930 0.2947248
0.0675558 0.7441661
0.0874138 0.9612189

0.1116031 0.3084604
0.1569172 0.9232028

0.0420129 0.5521154
1.0000000 -0.0000000

0.0093170 0.1264728
0.8888879 0.4140800

0.0530763 -0.0041065
0.1507551 0.0830255
0.7508927 0.8558936
0.8080981 0.9978766

0.0491800 0.0507803
0.1507361 0.0834154
0.7925807 0.2280240

-0.0119559 0.0910794
0.1707163 0.1283637
0.9265995 0.2456963

0.0000000 0.0000000
0.1161352 0.0144978
0.9223889 0.2937292

-0.0148940 0.0094000
0.5545217 0.9115116

0.0175137 0.5506778
0.9069886 0.0161566

-0.0000000 0.0000000
0.5660961 0.7780634
0.6965942 1.0000000

0.3235580 0.0093536
0.1498679 1.0000000

0.0012078 -0.0007694
0.0900492 0.1394263
0.5351240 0.8365785

0.0052309 0.0437366
0.6220299 0.9858244

0.0328324 -0.0010086
0.6879887 0.9621907

-0.0014420 0.0009654
0.6254220 0.9368762

0.0027361 1.0000000
0.0040254 0.8759161
0.0510036 0.1238168

0.0000000 0.4138048
0.9529263 -0.0000000

0.0366481 0.0329706
0.3403456 0.7777038
0.4583999 1.0000000

-0.0003562 0.3791101
0.8505775 0.0706526

0.0061615 0.3449725
0.7817876 0.0637824

0.0148565 0.6672726
0.1055511 0.5504409
0.8454108 0.1036029

0.0388519 0.1351470
0.4761510 0.7536382
0.5622574 0.8637468

0.0000000 1.0000000
0.1693392 0.0597359

0.0038990 -0.0064161
0.1108748 0.0252404
0.9243615 0.3734831

0.0210314 0.9316052
0.4517035 0.0404302

0.0217159 0.0466006
0.1276760 0.0982859
0.8780567 0.2462922
1.0000000 0.2338722

0.0880892 -0.0044707
0.2320520 0.9965925

0.0000000 0.8635855
0.0779257 0.0802281

0.0234023 -0.0000000
0.9087931 0.2477370

0.0601491 0.0839361
0.9055842 0.7287871

0.0250271 0.5368643
0.8651755 0.0907793

0.0190142 0.9518585
0.6858622 0.1615794
0.7763057 0.0576420

0.0939112 0.9711713
0.1822215 0.8729270
0.7733740 0.0295650

0.0718979 -0.0406179
0.1250514 0.1261508
0.5321571 0.7924948
0.5811469 0.8849958
0.7224146 1.0000000

0.0596394 0.1337375
0.1902778 0.8508790

0.0047280 0.4443304
0.8532550 0.0499712

0.0608259 0.0272046
0.1028254 0.1828295
0.4368026 0.8647126

0.0195329 0.5899828
0.8185761 0.0688164

0.0511807 0.0838794
0.4633755 0.9245440

0.0440126 0.9003665
0.0855395 0.7891196
0.3045799 0.2069066
0.3161398 0.1004731
0.3755302 0.0002360

0.0007737 0.0725988
0.1598314 0.0871991
0.8920210 0.1858090

0.0199510 0.1303061
0.1333195 0.2409165
0.6117335 0.8943952
0.6976071 1.0000000

0.0849825 -0.0000000
0.8592286 0.1751620

0.1583540 -0.0000000
1.0000000 0.2089335

0.0559745 -0.0066964
0.0163297 0.9461090

0.0489820 0.9699728
0.0560632 0.8678424
0.1004325 0.1757140

0.0000482 0.0243507
0.1538355 0.0202645
0.9233833 0.0018339

0.0999263 1.0151544
0.1170004 0.8719679
0.1728184 0.1889378
0.2194582 0.0498614

-0.0069431 0.0581805
0.9626002 0.2241618

0.0090717 0.0500051
0.1174439 0.1126562
0.8537513 0.2139882
0.9557579 0.2098826

0.0076201 0.0495554
0.9445880 0.0547354

0.0186535 0.2825298
0.1196688 0.2845415
0.8874581 0.3048861

0.0284933 0.9938208
0.0428456 0.0909269

0.0290085 0.9544170
0.4063861 0.4270983

0.1149098 0.9386122
0.1201275 0.8277995
0.1382292 0.1023095

0.0002430 0.0564378
0.1065648 0.0598399
0.9177594 0.0810139

0.2574942 0.9958810
0.2674769 0.8863719
0.2698175 0.7840316
0.2727295 0.6681928
0.2817841 0.2698144
0.2850372 0.1689182

0.0005205 0.0970947
0.1104344 0.0990078
0.8552457 0.1110552
0.9597996 0.1077424

