0.2067982 0.5017412
0.7123222 0.2960539

0.0099851 0.3840070
0.9420395 0.0428352

-0.0150741 0.4806193
0.9601926 0.1012795

0.0394368 0.3372282
0.7447720 0.0522204

0.0079137 0.4222952
0.9703181 0.1454609

0.1363028 0.0741258
0.1645163 0.9173756

0.0450114 -0.0156990
0.4094245 0.9655902

0.0434854 0.0202886
0.3792099 0.9573839
0.4279277 0.9925193

0.1048003 0.2706847
0.9628974 0.2341282

0.1904955 0.0636905
0.5729296 0.9274849

0.0183006 -0.0063786
0.3626172 0.9815686

-0.0139239 0.4391657
0.8781020 0.1475602

0.0429856 -0.0046803
0.2657483 0.9052851

0.0815412 -0.0026807
0.0843100 0.0350806
0.2029677 0.9125208
0.2179015 0.9897358

-0.0023725 0.2023113
0.5691690 0.4804054

0.0132232 0.4826637
0.9441659 0.0446789

0.0002395 0.0392832
0.9209094 0.0300328

0.0894190 0.1014402
0.5467957 0.4125721
0.7017041 0.4967426
1.0000000 0.5975070

0.0353334 0.2197927
0.9572665 0.0064144

0.0496992 0.2596593
0.9534328 0.0400935

0.0221246 1.0013073
0.0361948 0.8846397
0.0472266 0.8091225
0.1202277 0.1461128
0.1240909 0.0750494
0.1241168 -0.0000000

0.0007324 0.0093659
0.0735564 0.0226553
0.1690853 0.0397500
0.2414486 0.0452595
0.8015976 0.1810312
0.8781838 0.1934123
0.9421666 0.1987704
1.0000000 0.2084507

0.0000000 0.0000000
0.0918887 0.0113388
0.9326835 0.2704439

0.1364227 0.0087671
0.2112149 0.7763211

0.0000000 0.0000000
0.4091901 0.0639176
0.8793537 0.1656085

0.0144806 0.7426224
0.0654903 0.7006610
0.8768326 0.0766273
0.9564069 0.0147273

0.0000000 0.1140966
0.0713411 0.1636809
0.8201887 0.3443228

-0.0015401 0.0007703
0.1246716 0.2636620
0.4437819 0.8912260

0.0000000 0.3383417
0.8624314 0.0592262

0.0184260 0.3073108
0.8179098 0.0560734

0.0008564 0.3667700
0.2242080 0.2440280
0.7335989 0.1049770
0.9453787 0.0581456

-0.0090935 0.2705873
0.8185655 0.0527290

0.0034632 0.2949164
0.8365550 0.0729640

0.0096214 0.2909623
0.3562924 0.2084336
0.7102990 0.1169563
0.9784708 0.0219337

-0.0000000 0.0000000
0.1021626 0.1577647
0.4637058 0.8642076

0.0200712 0.9969275
0.0235480 0.8924898
0.1083839 0.0846173
0.1444213 -0.0000000

0.3879215 0.3089944
0.7107119 0.8848609

0.1051692 0.0094814
0.3053238 0.8662876

0.1378348 0.8978795
0.3169643 0.0000000

0.0249460 0.1910904
0.4385514 0.8317184
0.5578251 0.9881292

0.0191091 0.0683151
0.8285366 0.0459061
1.0000000 0.0235912

0.0229628 0.1280026
0.0326930 0.2947248
0.0675558 0.7441661
0.0874138 0.9612189

0.0897594 0.0121235
0.1569172 0.9232028

0.0420129 0.5521154
1.0000000 -0.0000000

0.0885354 0.1523761
0.8888879 0.4140800

0.0530763 -0.0041065
0.7508927 0.8558936
0.8080981 0.9978766

0.0471052 0.0600672
0.7925807 0.2280240

-0.0119559 0.0910794
0.1707163 0.1283637
0.9265995 0.2456963

0.0000000 0.0000000
0.1161352 0.0144978
0.9223889 0.2937292
1.0000000 0.2686412

-0.0148940 0.0094000
0.5545217 0.9115116

0.0175137 0.5506778
0.9069886 0.0161566

-0.0000000 0.0000000
0.5660961 0.7780634
0.6965942 1.0000000

0.3235580 0.0093536
0.1498679 1.0000000

-0.0000000 0.0000000
0.0481437 0.0731950
0.0900492 0.1394263
0.5351240 0.8365785
0.5503577 0.8800326
0.5637656 0.9253210

0.0106798 0.0401702
0.0296737 0.0810702
0.6220299 0.9858244

0.0084470 0.0155750
0.0668083 0.0426148
0.0827011 0.0723074
0.6879887 0.9621907
0.7425031 0.9977678

-0.0014420 0.0009654
0.6254220 0.9368762

0.0027361 1.0000000
0.0040254 0.8759161
0.0510036 0.1238168
0.0565839 0.0000000

0.0000000 0.4138048
0.1132998 0.3975266
0.9529263 -0.0000000

-0.0000000 0.0484183
0.0454672 0.0545971
0.3403456 0.7777038
0.4583999 1.0000000

-0.0003562 0.3791101
0.8505775 0.0706526

0.0055523 0.3433290
0.0390199 0.3373957
0.0628046 0.3136874
0.0941577 0.3119120
0.1323962 0.2962168
0.1846092 0.2834875
0.7817876 0.0637824
0.8131201 0.0530090
1.0000000 0.0002747

-0.0125579 0.6217728
0.8454108 0.1036029

0.0143101 0.1526228
0.0795980 0.1927760
0.4761510 0.7536382
0.5133486 0.8223020
0.5622574 0.8637468

0.0000000 1.0000000
0.1693392 0.0597359

0.0000000 0.0026993
0.0286520 0.0160878
0.0552084 0.0150211
0.1117898 0.0231013
0.1402212 0.0378032
0.9243615 0.3734831
0.9688082 0.3901720
0.9807570 0.4116461
0.9877797 0.4273517

-0.0000000 0.9214320
0.0327300 0.9073977
0.4517035 0.0404302

0.0000000 0.1563571
0.0588617 0.0542831
0.1333944 0.0693838
0.1882127 0.1102263
0.8780567 0.2462922
0.9236928 0.2429301
0.9393335 0.2569279
1.0000000 0.2338722

0.0880892 -0.0044707
0.2320520 0.9965925

-0.0000000 0.8635855
0.0779257 0.0802281

0.0234023 -0.0000000
0.9087931 0.2477370
0.9683031 0.2619592
1.0000000 0.2657352

0.0601491 0.0839361
0.9055842 0.7287871
0.9488016 0.7386139

0.0250271 0.5368643
0.8651755 0.0907793

0.0000000 0.9358151
0.0655042 0.8967633
0.6858622 0.1615794
0.7349552 0.1056107
0.7763057 0.0576420
0.8494701 0.0250535

0.0760634 0.9583876
0.0890411 0.9474733
0.1068527 0.9363258
0.1226854 0.9119941
0.1551545 0.8923620
0.1836410 0.8739437
0.1951580 0.8582878
0.2246489 0.8135943
0.6882294 0.1652976
0.6961278 0.1475037
0.6990352 0.1260738
0.7733740 0.0295650
0.8230947 0.0408188
0.8472827 0.0256217
0.8526082 0.0131108

0.0000000 0.0030324
0.1046346 0.0203954
0.1428113 0.1153685
0.1739867 0.2062474
0.5321571 0.7924948
0.5811469 0.8849958
0.7224146 1.0000000

0.0596394 0.1337375
0.1902778 0.8508790

0.0000000 0.4341266
0.0743694 0.4119641
0.8532550 0.0499712

0.0751182 0.0592145
0.1028254 0.1828295
0.4368026 0.8647126

0.0195329 0.5899828
0.8185761 0.0688164

0.0511807 0.0838794
0.4633755 0.9245440
0.4824254 1.0000000

0.0506562 0.9028683
0.0712882 0.8269996
0.3045799 0.2069066
0.3565567 0.1316891
0.3414644 0.0425321

-0.0000000 0.0784040
0.0802482 0.0825198
0.1598314 0.0871991
0.8920210 0.1858090
0.9561532 0.1869445

0.0199510 0.1303061
0.1333195 0.2409165
0.6117335 0.8943952

0.0849825 -0.0000000
0.8592286 0.1751620
0.8820795 0.1820609
0.9399099 0.1937774

0.1583540 -0.0000000
1.0000000 0.2089335

0.0034540 0.0034230
0.0548806 0.0195936
0.0163297 0.9461090
0.0257346 1.0000000

0.0615183 0.9710938
0.0643922 0.9604469
0.0671026 0.9373991
0.0688717 0.9186260
0.0700865 0.9085280
0.0446122 0.8818198
0.0554528 0.8708460
0.0584414 0.8265311
0.0600555 0.8055648
0.1004325 0.1757140
0.1023365 0.0023716

-0.0000000 0.0223405
0.0772277 0.0224712
0.1538355 0.0202645
0.9233833 0.0018339
1.0000000 0.0000000

0.1052333 1.0159592
0.1728184 0.1889378

-0.0069431 0.0581805
0.9626002 0.2241618

-0.0000000 0.1136698
0.0295876 0.0656921
0.0525283 0.0639518
0.1194458 0.0986074
0.1288639 0.1085552
0.1446356 0.1128779
0.2136986 0.1259029
0.8537513 0.2139882
0.8961237 0.2246280
0.9134847 0.2000635
0.9407108 0.1634696
0.9557579 0.2098826
1.0000000 0.2107369

0.0076120 0.0510199
0.0178331 0.0505400
0.0279118 0.0504751
0.0411370 0.0497759
0.0580478 0.0498806
0.0718637 0.0499106
0.9445880 0.0547354
0.9645949 0.0549419
0.9751567 0.0552630
0.9853712 0.0543815
0.9959514 0.0537320

0.0189635 0.2709199
0.0589637 0.2836150
0.0993472 0.2838248
0.1411687 0.2848245
0.2017445 0.2867163
0.8874581 0.3048861
0.9308970 0.3058537
0.9724657 0.3099938

0.0322904 0.9938959
0.0318362 0.9838821
0.0293625 0.9735928
0.0291210 0.9631932
0.0292054 0.9527900
0.0298718 0.9070964
0.0428456 0.0909269
0.0431584 0.0786799
0.0434540 0.0638020
0.0434116 0.0525005
0.0442430 0.0423181
0.0461675 0.0322735
0.0492008 0.0221811

0.0290085 0.9544170
0.4063861 0.4270983

0.1141304 0.9385638
0.1160554 0.9180793
0.1145382 0.8960930
0.1153205 0.8759123
0.1174006 0.8514957
0.1201275 0.8277995
0.1382292 0.1023095
0.1370927 0.0800333
0.1425832 0.0583685
0.1447268 0.0379359

-0.0002837 0.0767080
0.0317023 0.0557874
0.0534387 0.0601955
0.0792662 0.0584463
0.1065851 0.0590560
0.1417392 0.0607581
0.9177594 0.0810139
0.9406965 0.0810061
0.9649046 0.0766694
0.9893963 0.0757507

0.2560535 0.9958454
0.2620780 0.9359504
0.2658904 0.8719851
0.2695182 0.7959394
0.2727295 0.6681928
0.2817841 0.2698144
0.2820669 0.2078579
0.2881292 0.1456487
0.2884032 0.0848201

0.0002492 0.1136802
0.0218315 0.0918226
0.0425077 0.0971110
0.0658510 0.0981303
0.1104344 0.0990078
0.8552457 0.1110552
0.9243272 0.1125566
0.9446078 0.1121116
0.9647500 0.1073418

